
Program Nr: 0:
Nr 8: VarTab
68 03 26 08 CD CD 00 00 23 00 68 03 00 00 01 00 
00 00 00 00 00 00 01 00 19 00 04 00 50 4C 43 00 
09 00 52 45 53 4F 55 52 43 45 00 14 00 00 3D 03 
19 00 0B 00 47 4C 4F 42 41 4C 5F 56 41 52 00 21 
00 01 09 00 43 55 52 5F 54 41 53 4B 00 06 00 02 
00 00 00 0A 00 08 00 00 00 05 00 00 00 03 00 00 
29 00 01 0A 00 4D 4F 44 42 55 53 42 55 46 00 16 
00 40 00 00 00 0A 00 0C 00 00 00 05 00 00 00 03 
00 01 02 00 01 00 00 32 00 22 00 01 0A 00 55 44 
50 5F 4F 55 54 30 30 00 01 00 01 00 00 00 0A 00 
4C 00 00 00 05 00 00 00 01 00 00 22 00 01 0A 00 
55 44 50 5F 4F 55 54 30 31 00 01 00 01 00 00 00 
0A 00 4D 00 00 00 05 00 00 00 01 00 00 27 00 01 
0F 00 55 44 50 5F 4F 55 54 30 30 5F 53 45 4E 44 
00 01 00 01 00 00 00 0A 00 4E 00 00 00 05 00 00 
00 01 00 00 27 00 01 0F 00 55 44 50 5F 4F 55 54 
30 31 5F 53 45 4E 44 00 01 00 01 00 00 00 0A 00 
4F 00 00 00 05 00 00 00 01 00 00 1F 00 01 07 00 
55 44 50 44 30 30 00 01 00 01 00 00 00 0A 00 50 
00 00 00 05 00 00 00 01 00 00 1F 00 01 07 00 55 
44 50 44 30 31 00 01 00 01 00 00 00 0A 00 51 00 
00 00 05 00 00 00 01 00 00 1F 00 01 07 00 55 44 
50 44 30 32 00 01 00 01 00 00 00 0A 00 52 00 00 
00 05 00 00 00 01 00 00 1F 00 01 07 00 55 44 50 
44 30 33 00 01 00 01 00 00 00 0A 00 53 00 00 00 
05 00 00 00 01 00 00 1F 00 01 07 00 55 44 50 44 
30 34 00 01 00 01 00 00 00 0A 00 54 00 00 00 05 
00 00 00 01 00 00 1F 00 01 07 00 55 44 50 44 30 
35 00 01 00 01 00 00 00 0A 00 55 00 00 00 05 00 
00 00 01 00 00 1F 00 01 07 00 55 44 50 44 30 36 
00 01 00 01 00 00 00 0A 00 56 00 00 00 05 00 00 
00 01 00 00 1F 00 01 07 00 55 44 50 44 30 37 00 
01 00 01 00 00 00 0A 00 57 00 00 00 05 00 00 00 
01 00 00 1F 00 01 07 00 55 44 50 44 31 30 00 01 
00 01 00 00 00 0A 00 58 00 00 00 05 00 00 00 01 
00 00 1F 00 01 07 00 55 44 50 44 31 31 00 01 00 
01 00 00 00 0A 00 59 00 00 00 05 00 00 00 01 00 
00 1F 00 01 07 00 55 44 50 44 31 32 00 01 00 01 
00 00 00 0A 00 5A 00 00 00 05 00 00 00 01 00 00 
1F 00 01 07 00 55 44 50 44 31 33 00 01 00 01 00 
00 00 0A 00 5B 00 00 00 05 00 00 00 01 00 00 1F 
00 01 07 00 55 44 50 44 31 34 00 01 00 01 00 00 
00 0A 00 5C 00 00 00 05 00 00 00 01 00 00 1F 00 
01 07 00 55 44 50 44 31 35 00 01 00 01 00 00 00 
0A 00 5D 00 00 00 05 00 00 00 01 00 00 1F 00 01 
07 00 55 44 50 44 31 36 00 01 00 01 00 00 00 0A 
00 5E 00 00 00 05 00 00 00 01 00 00 1F 00 01 07 
00 55 44 50 44 31 37 00 01 00 01 00 00 00 0A 00 
5F 00 00 00 05 00 00 00 01 00 00 1F 00 01 07 00 
55 44 50 51 30 30 00 01 00 01 00 00 00 0A 00 60 
00 00 00 05 00 00 00 01 00 00 1F 00 01 07 00 55 
44 50 51 30 31 00 01 00 01 00 00 00 0A 00 61 00 
00 00 05 00 00 00 01 00 00 1F 00 01 07 00 44 49 
41 4E 59 41 00 09 00 02 00 00 00 0A 00 62 00 00 
00 05 00 00 00 03 00 00 

Nr 9: SegHardwareConfig
14 00 24 08 CD CD 00 00 00 08 00 08 00 08 08 00 
08 08 08 10 

Nr 10: Datasegment
64 00 01 08 0B 00 00 00 00 00 00 00 40 00 01 00 
02 01 00 00 32 00 CD CD 00 00 00 00 00 00 00 00 
00 00 00 00 00 00 00 00 00 00 00 00 00 00 00 00 
00 00 00 00 00 00 00 00 00 00 00 00 00 00 00 00 
00 00 00 00 00 00 00 00 00 00 00 00 00 00 00 00 
00 00 00 00 00 00 00 00 00 00 00 00 00 00 00 00 
00 00 00 00 

Nr 11: Codesegment
07 00 00 06 0C 00 07 

    IntelFormat
      Die Parameterwerte der Funktionen
      werden im Motorola-Format angezeigt.
    ByteSize = 1.

    6:     7  RET            

Nr 12: Initialsegment
6C 00 02 10 0B 00 00 00 00 00 00 00 5C 00 00 00 
00 00 00 00 40 00 01 00 02 01 00 00 32 00 CD CD 
00 00 00 00 00 00 00 00 00 00 00 00 00 00 00 00 
00 00 00 00 00 00 00 00 00 00 00 00 00 00 00 00 
00 00 00 00 00 00 00 00 00 00 00 00 00 00 00 00 
00 00 00 00 00 00 00 00 00 00 00 00 00 00 00 00 
00 00 00 00 00 00 00 00 00 00 00 00 


Program Nr: 2:
Nr 13: Datasegment
D4 08 01 08 0E 00 00 00 10 00 16 80 13 00 1A 80 
16 00 1B 80 19 00 00 00 1C 00 61 80 1F 00 09 00 
0A 00 08 00 0A 00 0C 00 0A 00 4C 00 0A 00 4D 00 
0A 00 4E 00 0A 00 4F 00 0A 00 50 00 0A 00 51 00 
0A 00 52 00 0A 00 53 00 0A 00 54 00 0A 00 55 00 
0A 00 56 00 0A 00 57 00 0A 00 58 00 0A 00 59 00 
0A 00 5A 00 0A 00 5B 00 0A 00 5C 00 0A 00 5D 00 
0A 00 5E 00 0A 00 5F 00 0A 00 60 00 0A 00 61 00 
0A 00 62 00 00 00 00 00 FF FF 00 00 00 00 00 00 
00 00 00 00 00 00 00 00 00 00 00 00 00 00 00 00 
00 00 31 75 00 00 00 00 F8 03 01 00 02 01 00 00 
E8 03 CD CD 00 00 00 00 00 00 00 00 00 00 00 00 
00 00 00 00 00 00 00 00 00 00 00 00 00 00 00 00 
00 00 00 00 00 00 00 00 00 00 00 00 00 00 00 00 
00 00 00 00 00 00 00 00 00 00 00 00 00 00 00 00 
00 00 00 00 00 00 00 00 00 00 00 00 00 00 00 00 
00 00 00 00 00 00 00 00 00 00 00 00 00 00 00 00 
00 00 00 00 00 00 00 00 00 00 00 00 00 00 00 00 
00 00 00 00 00 00 00 00 00 00 00 00 00 00 00 00 
00 00 00 00 00 00 00 00 00 00 00 00 00 00 00 00 
00 00 00 00 00 00 00 00 00 00 00 00 00 00 00 00 
00 00 00 00 00 00 00 00 00 00 00 00 00 00 00 00 
00 00 00 00 00 00 00 00 00 00 00 00 00 00 00 00 
00 00 00 00 00 00 00 00 00 00 00 00 00 00 00 00 
00 00 00 00 00 00 00 00 00 00 00 00 00 00 00 00 
00 00 00 00 00 00 00 00 00 00 00 00 00 00 00 00 
00 00 00 00 00 00 00 00 00 00 00 00 00 00 00 00 
00 00 00 00 00 00 00 00 00 00 00 00 00 00 00 00 
00 00 00 00 00 00 00 00 00 00 00 00 00 00 00 00 
00 00 00 00 00 00 00 00 00 00 00 00 00 00 00 00 
00 00 00 00 00 00 00 00 00 00 00 00 00 00 00 00 
00 00 00 00 00 00 00 00 00 00 00 00 00 00 00 00 
00 00 00 00 00 00 00 00 00 00 00 00 00 00 00 00 
00 00 00 00 00 00 00 00 00 00 00 00 00 00 00 00 
00 00 00 00 00 00 00 00 00 00 00 00 00 00 00 00 
00 00 00 00 00 00 00 00 00 00 00 00 00 00 00 00 
00 00 00 00 00 00 00 00 00 00 00 00 00 00 00 00 
00 00 00 00 00 00 00 00 00 00 00 00 00 00 00 00 
00 00 00 00 00 00 00 00 00 00 00 00 00 00 00 00 
00 00 00 00 00 00 00 00 00 00 00 00 00 00 00 00 
00 00 00 00 00 00 00 00 00 00 00 00 00 00 00 00 
00 00 00 00 00 00 00 00 00 00 00 00 00 00 00 00 
00 00 00 00 00 00 00 00 00 00 00 00 00 00 00 00 
00 00 00 00 00 00 00 00 00 00 00 00 00 00 00 00 
00 00 00 00 00 00 00 00 00 00 00 00 00 00 00 00 
00 00 00 00 00 00 00 00 00 00 00 00 00 00 00 00 
00 00 00 00 00 00 00 00 00 00 00 00 00 00 00 00 
00 00 00 00 00 00 00 00 00 00 00 00 00 00 00 00 
00 00 00 00 00 00 00 00 00 00 00 00 00 00 00 00 
00 00 00 00 00 00 00 00 00 00 00 00 00 00 00 00 
00 00 00 00 00 00 00 00 00 00 00 00 00 00 00 00 
00 00 00 00 00 00 00 00 00 00 00 00 00 00 00 00 
00 00 00 00 00 00 00 00 00 00 00 00 00 00 00 00 
00 00 00 00 00 00 00 00 00 00 00 00 00 00 00 00 
00 00 00 00 00 00 00 00 00 00 00 00 00 00 00 00 
00 00 00 00 00 00 00 00 00 00 00 00 00 00 00 00 
00 00 00 00 00 00 00 00 00 00 00 00 00 00 00 00 
00 00 00 00 00 00 00 00 00 00 00 00 00 00 00 00 
00 00 00 00 00 00 00 00 00 00 00 00 00 00 00 00 
00 00 00 00 00 00 00 00 00 00 00 00 00 00 00 00 
00 00 00 00 00 00 00 00 00 00 00 00 00 00 00 00 
00 00 00 00 00 00 00 00 00 00 00 00 00 00 00 00 
00 00 00 00 00 00 00 00 00 00 00 00 00 00 00 00 
00 00 00 00 00 00 00 00 00 00 00 00 00 00 00 00 
00 00 00 00 00 00 00 00 00 00 00 00 00 00 00 00 
00 00 00 00 00 00 00 00 00 00 00 00 00 00 00 00 
00 00 00 00 00 00 00 00 00 00 00 00 00 00 00 00 
00 00 00 00 00 00 00 00 00 00 00 00 00 00 00 00 
00 00 00 00 00 00 00 00 00 00 00 00 00 00 00 00 
00 00 00 00 00 00 00 00 00 00 00 00 00 00 00 00 
00 00 00 00 00 00 00 00 00 00 00 00 00 00 00 00 
00 00 00 00 00 00 00 00 00 00 00 00 00 00 00 00 
00 00 00 00 00 00 00 00 00 00 00 00 00 00 00 00 
00 00 00 00 00 00 00 00 00 00 00 00 00 00 00 00 
00 00 00 00 00 00 00 00 F8 03 01 00 02 01 00 00 
E8 03 CD CD 00 00 00 00 00 00 00 00 00 00 00 00 
00 00 00 00 00 00 00 00 00 00 00 00 00 00 00 00 
00 00 00 00 00 00 00 00 00 00 00 00 00 00 00 00 
00 00 00 00 00 00 00 00 00 00 00 00 00 00 00 00 
00 00 00 00 00 00 00 00 00 00 00 00 00 00 00 00 
00 00 00 00 00 00 00 00 00 00 00 00 00 00 00 00 
00 00 00 00 00 00 00 00 00 00 00 00 00 00 00 00 
00 00 00 00 00 00 00 00 00 00 00 00 00 00 00 00 
00 00 00 00 00 00 00 00 00 00 00 00 00 00 00 00 
00 00 00 00 00 00 00 00 00 00 00 00 00 00 00 00 
00 00 00 00 00 00 00 00 00 00 00 00 00 00 00 00 
00 00 00 00 00 00 00 00 00 00 00 00 00 00 00 00 
00 00 00 00 00 00 00 00 00 00 00 00 00 00 00 00 
00 00 00 00 00 00 00 00 00 00 00 00 00 00 00 00 
00 00 00 00 00 00 00 00 00 00 00 00 00 00 00 00 
00 00 00 00 00 00 00 00 00 00 00 00 00 00 00 00 
00 00 00 00 00 00 00 00 00 00 00 00 00 00 00 00 
00 00 00 00 00 00 00 00 00 00 00 00 00 00 00 00 
00 00 00 00 00 00 00 00 00 00 00 00 00 00 00 00 
00 00 00 00 00 00 00 00 00 00 00 00 00 00 00 00 
00 00 00 00 00 00 00 00 00 00 00 00 00 00 00 00 
00 00 00 00 00 00 00 00 00 00 00 00 00 00 00 00 
00 00 00 00 00 00 00 00 00 00 00 00 00 00 00 00 
00 00 00 00 00 00 00 00 00 00 00 00 00 00 00 00 
00 00 00 00 00 00 00 00 00 00 00 00 00 00 00 00 
00 00 00 00 00 00 00 00 00 00 00 00 00 00 00 00 
00 00 00 00 00 00 00 00 00 00 00 00 00 00 00 00 
00 00 00 00 00 00 00 00 00 00 00 00 00 00 00 00 
00 00 00 00 00 00 00 00 00 00 00 00 00 00 00 00 
00 00 00 00 00 00 00 00 00 00 00 00 00 00 00 00 
00 00 00 00 00 00 00 00 00 00 00 00 00 00 00 00 
00 00 00 00 00 00 00 00 00 00 00 00 00 00 00 00 
00 00 00 00 00 00 00 00 00 00 00 00 00 00 00 00 
00 00 00 00 00 00 00 00 00 00 00 00 00 00 00 00 
00 00 00 00 00 00 00 00 00 00 00 00 00 00 00 00 
00 00 00 00 00 00 00 00 00 00 00 00 00 00 00 00 
00 00 00 00 00 00 00 00 00 00 00 00 00 00 00 00 
00 00 00 00 00 00 00 00 00 00 00 00 00 00 00 00 
00 00 00 00 00 00 00 00 00 00 00 00 00 00 00 00 
00 00 00 00 00 00 00 00 00 00 00 00 00 00 00 00 
00 00 00 00 00 00 00 00 00 00 00 00 00 00 00 00 
00 00 00 00 00 00 00 00 00 00 00 00 00 00 00 00 
00 00 00 00 00 00 00 00 00 00 00 00 00 00 00 00 
00 00 00 00 00 00 00 00 00 00 00 00 00 00 00 00 
00 00 00 00 00 00 00 00 00 00 00 00 00 00 00 00 
00 00 00 00 00 00 00 00 00 00 00 00 00 00 00 00 
00 00 00 00 00 00 00 00 00 00 00 00 00 00 00 00 
00 00 00 00 00 00 00 00 00 00 00 00 00 00 00 00 
00 00 00 00 00 00 00 00 00 00 00 00 00 00 00 00 
00 00 00 00 00 00 00 00 00 00 00 00 00 00 00 00 
00 00 00 00 00 00 00 00 00 00 00 00 00 00 00 00 
00 00 00 00 00 00 00 00 00 00 00 00 00 00 00 00 
00 00 00 00 00 00 00 00 00 00 00 00 00 00 00 00 
00 00 00 00 00 00 00 00 00 00 00 00 00 00 00 00 
00 00 00 00 00 00 00 00 00 00 00 00 00 00 00 00 
00 00 00 00 00 00 00 00 00 00 00 00 00 00 00 00 
00 00 00 00 00 00 00 00 00 00 00 00 00 00 00 00 
00 00 00 00 00 00 00 00 00 00 00 00 00 00 00 00 
00 00 00 00 00 00 00 00 00 00 00 00 00 00 00 00 
00 00 00 00 00 00 00 00 00 00 00 00 00 00 00 00 
00 00 00 00 00 00 00 00 00 00 00 00 00 00 00 00 
00 00 00 00 00 00 00 00 00 00 00 00 00 00 00 00 
00 00 00 00 00 00 00 00 00 00 00 00 00 00 00 00 
00 00 00 00 00 00 00 00 00 00 00 00 00 00 00 00 
00 00 00 00 00 00 00 00 00 00 00 00 00 00 00 00 
00 00 00 00 00 00 00 00 00 00 00 00 20 4E 00 00 
00 00 00 00 

Nr 14: Codesegment
DD 07 00 06 0F 00 16 20 00 7D 02 00 E1 03 DC 07 
0C 88 00 7D 00 00 DB 03 4D 00 21 41 9C 3B 08 00 
12 00 20 01 3A 08 00 11 00 1E 39 08 00 10 00 04 
08 00 10 08 00 0C 00 35 87 00 11 08 00 0A 00 36 
88 00 0F 08 00 08 00 34 86 00 01 4D 00 FD 01 A8 
00 00 16 F5 03 FC 6C A0 04 FD 01 A8 04 00 16 F5 
03 FC 6C A0 08 FD 01 C2 08 00 09 02 00 FC 6C A8 
08 22 64 00 00 00 3C 1C 00 14 00 1E 39 1C 00 10 
00 04 1C 00 12 1C 00 0C 00 37 B4 08 0F 1C 00 08 
00 34 B0 08 0D B4 08 7E 64 00 00 00 E2 03 D9 07 
22 64 00 00 00 3C 1C 00 14 00 1F 39 1C 00 10 00 
04 1C 00 12 1C 00 0C 00 37 B4 08 0F 1C 00 08 00 
34 B0 08 0C 88 00 7D 00 00 CB 03 D0 07 21 E8 03 
3B 0C 00 24 00 FC 5A A0 04 FC 6D 0C 00 1C 00 0C 
88 00 3B 0C 00 1A 00 20 01 3A 0C 00 19 00 1E 39 
0C 00 18 00 04 0C 00 10 0C 00 14 00 35 A6 00 11 
0C 00 12 00 36 96 00 11 0C 00 10 00 36 A0 00 12 
0C 00 0C 00 37 9C 00 0F 0C 00 08 00 34 86 00 0C 
96 00 7D 00 00 C3 03 48 02 60 A8 00 92 63 0A 00 
92 21 00 00 93 45 93 EB 1A 7C 01 E0 90 60 A8 00 
92 63 0A 00 92 21 01 00 93 45 93 EB 1A 7C 01 E0 
91 97 90 60 A8 00 92 63 0A 00 92 21 02 00 93 45 
93 EB 1A 7C 01 E0 91 97 90 60 A8 00 92 63 0A 00 
92 21 03 00 93 45 93 EB 1A 7C 01 E0 91 97 03 84 
01 01 45 02 60 A8 00 92 63 0A 00 92 21 00 00 93 
45 93 EB 1A 7C 01 E0 90 60 A8 00 92 63 0A 00 92 
21 01 00 93 45 93 EB 1A 7C 00 E0 91 97 90 60 A8 
00 92 63 0A 00 92 21 02 00 93 45 93 EB 1A 7C 00 
E0 91 97 90 60 A8 00 92 63 0A 00 92 21 03 00 93 
45 93 EB 1A 7C 00 E0 91 97 03 45 02 60 A8 00 92 
63 0A 00 92 21 04 00 93 45 93 EB 1A 7C 00 E0 03 
0F 02 60 A8 00 92 63 0A 00 92 21 05 00 93 45 93 
EB 1A E7 01 00 3E 28 00 1E 3E 30 00 01 42 02 60 
A8 00 92 63 0A 00 92 21 04 00 93 45 93 EB 1A 7C 
01 E0 03 42 02 60 A8 00 92 63 0A 00 92 21 05 00 
93 45 93 EB 1A E7 01 00 3E 2C 00 1E 3E 34 00 01 
42 02 01 45 02 01 48 02 0D 9C 00 7E 00 00 00 00 
C4 03 A5 07 0C D0 08 7D 00 00 E1 03 64 04 20 01 
90 60 A8 04 92 63 0A 00 92 21 00 00 93 45 93 EB 
91 44 20 00 90 60 A8 04 92 63 0A 00 92 21 01 00 
93 45 93 EB 91 44 20 00 90 60 A8 04 92 63 0A 00 
92 21 02 00 93 45 93 EB 91 44 20 01 90 60 A8 04 
92 63 0A 00 92 21 03 00 93 45 93 EB 91 44 21 10 
00 36 C2 08 0C C2 08 3B 14 00 0C 00 04 14 00 10 
14 00 09 00 35 85 00 10 14 00 08 00 35 84 00 0B 
84 00 90 60 A8 04 92 63 0A 00 92 21 04 00 93 45 
93 EB 91 44 0B 85 00 90 60 A8 04 92 63 0A 00 92 
21 05 00 93 45 93 EB 91 44 20 1A 90 60 A8 04 92 
63 0A 00 92 21 06 00 93 45 93 EB 91 44 61 24 00 
92 63 0A 00 92 21 00 00 93 45 93 EB 1A 90 60 A8 
04 92 63 0A 00 92 21 08 00 93 45 93 EB 91 44 61 
24 00 92 63 0A 00 92 21 01 00 93 45 93 EB 1A 90 
60 A8 04 92 63 0A 00 92 21 09 00 93 45 93 EB 91 
44 61 24 00 92 63 0A 00 92 21 02 00 93 45 93 EB 
1A 90 60 A8 04 92 63 0A 00 92 21 0A 00 93 45 93 
EB 91 44 61 24 00 92 63 0A 00 92 21 03 00 93 45 
93 EB 1A 90 60 A8 04 92 63 0A 00 92 21 0B 00 93 
45 93 EB 91 44 20 01 90 60 A8 04 92 63 0A 00 92 
21 0C 00 93 45 93 EB 91 44 20 01 90 60 A8 04 92 
63 0A 00 92 21 0D 00 93 45 93 EB 91 44 20 01 90 
60 A8 04 92 63 0A 00 92 21 0E 00 93 45 93 EB 91 
44 20 01 90 60 A8 04 92 63 0A 00 92 21 0F 00 93 
45 93 EB 91 44 0C C2 08 3B 10 00 20 00 FD 01 A8 
04 00 16 F5 03 FC 6D 10 00 18 00 0C A2 00 3B 10 
00 14 00 0D 9C 00 3C 10 00 10 00 0C 88 00 3B 10 
00 0E 00 20 01 3A 10 00 0D 00 1E 39 10 00 0C 00 
04 10 00 10 10 00 09 00 35 A4 00 0F 10 00 08 00 
34 86 00 0C 88 00 3B 10 00 0E 00 20 01 3A 10 00 
0D 00 1F 39 10 00 0C 00 04 10 00 10 10 00 09 00 
35 A5 00 0F 10 00 08 00 34 86 00 21 01 00 36 D0 
08 01 39 07 0C D0 08 7D 01 00 E1 03 39 07 20 01 
90 60 A8 04 92 63 0A 00 92 21 00 00 93 45 93 EB 
91 44 20 00 90 60 A8 04 92 63 0A 00 92 21 01 00 
93 45 93 EB 91 44 20 00 90 60 A8 04 92 63 0A 00 
92 21 02 00 93 45 93 EB 91 44 20 01 90 60 A8 04 
92 63 0A 00 92 21 03 00 93 45 93 EB 91 44 21 19 
00 36 C2 08 0C C2 08 3B 14 00 0C 00 04 14 00 10 
14 00 09 00 35 85 00 10 14 00 08 00 35 84 00 0B 
84 00 90 60 A8 04 92 63 0A 00 92 21 04 00 93 45 
93 EB 91 44 0B 85 00 90 60 A8 04 92 63 0A 00 92 
21 05 00 93 45 93 EB 91 44 20 1B 90 60 A8 04 92 
63 0A 00 92 21 06 00 93 45 93 EB 91 44 16 80 00 
3B 14 00 0C 00 04 14 00 10 14 00 09 00 35 85 00 
10 14 00 08 00 35 84 00 0B 84 00 90 60 A8 04 92 
63 0A 00 92 21 08 00 93 45 93 EB 91 44 0B 85 00 
90 60 A8 04 92 63 0A 00 92 21 09 00 93 45 93 EB 
91 44 14 38 00 E7 00 01 90 60 A8 04 92 63 0A 00 
92 21 0A 00 93 45 93 EB 91 44 14 3C 00 E7 00 01 
90 60 A8 04 92 63 0A 00 92 21 0B 00 93 45 93 EB 
91 44 14 58 00 E7 00 01 90 60 A8 04 92 63 0A 00 
92 21 0C 00 93 45 93 EB 91 44 14 5C 00 E7 00 01 
90 60 A8 04 92 63 0A 00 92 21 0D 00 93 45 93 EB 
91 44 14 60 00 E7 00 01 90 60 A8 04 92 63 0A 00 
92 21 0E 00 93 45 93 EB 91 44 14 64 00 E7 00 01 
90 60 A8 04 92 63 0A 00 92 21 0F 00 93 45 93 EB 
91 44 14 68 00 E7 00 01 90 60 A8 04 92 63 0A 00 
92 21 10 00 93 45 93 EB 91 44 14 6C 00 E7 00 01 
90 60 A8 04 92 63 0A 00 92 21 11 00 93 45 93 EB 
91 44 14 70 00 E7 00 01 90 60 A8 04 92 63 0A 00 
92 21 12 00 93 45 93 EB 91 44 14 78 00 E7 00 01 
90 60 A8 04 92 63 0A 00 92 21 13 00 93 45 93 EB 
91 44 14 7C 00 E7 00 01 90 60 A8 04 92 63 0A 00 
92 21 14 00 93 45 93 EB 91 44 20 01 90 60 A8 04 
92 63 0A 00 92 21 15 00 93 45 93 EB 91 44 20 01 
90 60 A8 04 92 63 0A 00 92 21 16 00 93 45 93 EB 
91 44 20 01 90 60 A8 04 92 63 0A 00 92 21 17 00 
93 45 93 EB 91 44 20 01 90 60 A8 04 92 63 0A 00 
92 21 18 00 93 45 93 EB 91 44 0C C2 08 3B 10 00 
20 00 FD 01 A8 04 00 16 F5 03 FC 6D 10 00 18 00 
0C A2 00 3B 10 00 14 00 0D 9C 00 3C 10 00 10 00 
0C 88 00 3B 10 00 0E 00 20 01 3A 10 00 0D 00 1E 
39 10 00 0C 00 04 10 00 10 10 00 09 00 35 A4 00 
0F 10 00 08 00 34 86 00 0C 88 00 3B 10 00 0E 00 
20 01 3A 10 00 0D 00 1F 39 10 00 0C 00 04 10 00 
10 10 00 09 00 35 A5 00 0F 10 00 08 00 34 86 00 
21 00 00 36 D0 08 01 39 07 22 01 00 00 00 37 C8 
08 69 CC 08 E2 02 87 07 22 01 00 00 00 69 CC 08 
C5 02 6F 07 22 00 00 00 00 7E 01 00 00 00 C5 02 
A2 07 0D CC 08 69 C8 08 DD 02 A2 07 01 87 07 0D 
CC 08 69 C8 08 C5 02 A2 07 22 00 00 00 00 7E 01 
00 00 00 DD 02 A2 07 0D C4 08 7E 01 00 00 00 A8 
37 C4 08 22 01 00 00 00 69 C8 08 A8 37 C8 08 01 
48 07 01 CD 07 0C 88 00 3B 10 00 0E 00 20 01 3A 
10 00 0D 00 1F 39 10 00 0C 00 04 10 00 10 10 00 
09 00 35 A5 00 0F 10 00 08 00 34 86 00 01 D0 07 
21 00 00 40 20 00 01 D9 07 01 DC 07 07 

    IntelFormat
      Die Parameterwerte der Funktionen
      werden im Motorola-Format angezeigt.
    ByteSize = 1.

    6:    22  LD_BYREF_2      00 20
    9:   125  LDS_CONST_2     00 02
    c:   225  EQ_2           
    d:     3  JMPCN           07 DC
   10:    12  LD_NEAR_2       00 88
   13:   125  LDS_CONST_2     00 00
   16:   219  LT_2_SGN       
   17:     3  JMPCN           00 4D
   1a:    33  LD_CONST_2      9C 41
   1d:    59  ST_FAR_2        00 08  00 12
   22:    32  LD_CONST_1      01
   24:    58  ST_FAR_1        00 08  00 11
   29:    30  LD_CONST_TRUE  
   2a:    57  ST_FAR_BIT      00 08  00 10
   2f:     4  CAL             00 08
   32:    16  LD_FAR_1        00 08  00 0C
   37:    53  ST_NEAR_1       00 87
   3a:    17  LD_FAR_2        00 08  00 0A
   3f:    54  ST_NEAR_2       00 88
   42:    15  LD_FAR_BIT      00 08  00 08
   47:    52  ST_NEAR_BIT     00 86
   4a:     1  JMP             00 4D
   4d:     1  LDA_NEAR        03 F5  16 00  00 A8
   55:   108  ST_NEAR_8       04 A0
   59:     1  LDA_NEAR        03 F5  16 00  04 A8
   61:   108  ST_NEAR_8       08 A0
   65:     1  LDA_NEAR        00 02  09 00  08 C2
   6d:   108  ST_NEAR_8       08 A8
   71:    34  LD_CONST_4      00 00  00 64
   76:    60  ST_FAR_4        00 1C  00 14
   7b:    30  LD_CONST_TRUE  
   7c:    57  ST_FAR_BIT      00 1C  00 10
   81:     4  CAL             00 1C
   84:    18  LD_FAR_4        00 1C  00 0C
   89:    55  ST_NEAR_4       08 B4
   8c:    15  LD_FAR_BIT      00 1C  00 08
   91:    52  ST_NEAR_BIT     08 B0
   94:    13  LD_NEAR_4       08 B4
   97:   126  LDS_CONST_4     00 00  00 64
   9c:   226  EQ_4           
   9d:     3  JMPCN           07 D9
   a0:    34  LD_CONST_4      00 00  00 64
   a5:    60  ST_FAR_4        00 1C  00 14
   aa:    31  LD_CONST_FALSE 
   ab:    57  ST_FAR_BIT      00 1C  00 10
   b0:     4  CAL             00 1C
   b3:    18  LD_FAR_4        00 1C  00 0C
   b8:    55  ST_NEAR_4       08 B4
   bb:    15  LD_FAR_BIT      00 1C  00 08
   c0:    52  ST_NEAR_BIT     08 B0
   c3:    12  LD_NEAR_2       00 88
   c6:   125  LDS_CONST_2     00 00
   c9:   203  GE_2_SGN       
   ca:     3  JMPCN           07 D0
   cd:    33  LD_CONST_2      03 E8
   d0:    59  ST_FAR_2        00 0C  00 24
   d5:    90  LD_NEAR_8       04 A0
   d9:   109  ST_FAR_8        00 0C  00 1C
   df:    12  LD_NEAR_2       00 88
   e2:    59  ST_FAR_2        00 0C  00 1A
   e7:    32  LD_CONST_1      01
   e9:    58  ST_FAR_1        00 0C  00 19
   ee:    30  LD_CONST_TRUE  
   ef:    57  ST_FAR_BIT      00 0C  00 18
   f4:     4  CAL             00 0C
   f7:    16  LD_FAR_1        00 0C  00 14
   fc:    53  ST_NEAR_1       00 A6
   ff:    17  LD_FAR_2        00 0C  00 12
  104:    54  ST_NEAR_2       00 96
  107:    17  LD_FAR_2        00 0C  00 10
  10c:    54  ST_NEAR_2       00 A0
  10f:    18  LD_FAR_4        00 0C  00 0C
  114:    55  ST_NEAR_4       00 9C
  117:    15  LD_FAR_BIT      00 0C  00 08
  11c:    52  ST_NEAR_BIT     00 86
  11f:    12  LD_NEAR_2       00 96
  122:   125  LDS_CONST_2     00 00
  125:   195  GT_2_SGN       
  126:     3  JMPCN           02 48
  129:    96  CREATE_REFERENCE 00 A8
  12c:   146  PUSH_REF       
  12d:    99  ADD_OFFSET      00 0A
  130:   146  PUSH_REF       
  131:    33  LD_CONST_2      00 00
  134:   147  POP_REF        
  135:    69  ST_IND_2       
  136:   147  POP_REF        
  137:   235  SELCT_ARRAY_IND
  138:    26  LD_IND_1       
  139:   124  LDS_CONST_1     01
  13b:   224  EQ_1           
  13c:   144  PUSH_AE        
  13d:    96  CREATE_REFERENCE 00 A8
  140:   146  PUSH_REF       
  141:    99  ADD_OFFSET      00 0A
  144:   146  PUSH_REF       
  145:    33  LD_CONST_2      00 01
  148:   147  POP_REF        
  149:    69  ST_IND_2       
  14a:   147  POP_REF        
  14b:   235  SELCT_ARRAY_IND
  14c:    26  LD_IND_1       
  14d:   124  LDS_CONST_1     01
  14f:   224  EQ_1           
  150:   145  POP_AE         
  151:   151  AND_BIT        
  152:   144  PUSH_AE        
  153:    96  CREATE_REFERENCE 00 A8
  156:   146  PUSH_REF       
  157:    99  ADD_OFFSET      00 0A
  15a:   146  PUSH_REF       
  15b:    33  LD_CONST_2      00 02
  15e:   147  POP_REF        
  15f:    69  ST_IND_2       
  160:   147  POP_REF        
  161:   235  SELCT_ARRAY_IND
  162:    26  LD_IND_1       
  163:   124  LDS_CONST_1     01
  165:   224  EQ_1           
  166:   145  POP_AE         
  167:   151  AND_BIT        
  168:   144  PUSH_AE        
  169:    96  CREATE_REFERENCE 00 A8
  16c:   146  PUSH_REF       
  16d:    99  ADD_OFFSET      00 0A
  170:   146  PUSH_REF       
  171:    33  LD_CONST_2      00 03
  174:   147  POP_REF        
  175:    69  ST_IND_2       
  176:   147  POP_REF        
  177:   235  SELCT_ARRAY_IND
  178:    26  LD_IND_1       
  179:   124  LDS_CONST_1     01
  17b:   224  EQ_1           
  17c:   145  POP_AE         
  17d:   151  AND_BIT        
  17e:     3  JMPCN           01 84
  181:     1  JMP             02 45
  184:    96  CREATE_REFERENCE 00 A8
  187:   146  PUSH_REF       
  188:    99  ADD_OFFSET      00 0A
  18b:   146  PUSH_REF       
  18c:    33  LD_CONST_2      00 00
  18f:   147  POP_REF        
  190:    69  ST_IND_2       
  191:   147  POP_REF        
  192:   235  SELCT_ARRAY_IND
  193:    26  LD_IND_1       
  194:   124  LDS_CONST_1     01
  196:   224  EQ_1           
  197:   144  PUSH_AE        
  198:    96  CREATE_REFERENCE 00 A8
  19b:   146  PUSH_REF       
  19c:    99  ADD_OFFSET      00 0A
  19f:   146  PUSH_REF       
  1a0:    33  LD_CONST_2      00 01
  1a3:   147  POP_REF        
  1a4:    69  ST_IND_2       
  1a5:   147  POP_REF        
  1a6:   235  SELCT_ARRAY_IND
  1a7:    26  LD_IND_1       
  1a8:   124  LDS_CONST_1     00
  1aa:   224  EQ_1           
  1ab:   145  POP_AE         
  1ac:   151  AND_BIT        
  1ad:   144  PUSH_AE        
  1ae:    96  CREATE_REFERENCE 00 A8
  1b1:   146  PUSH_REF       
  1b2:    99  ADD_OFFSET      00 0A
  1b5:   146  PUSH_REF       
  1b6:    33  LD_CONST_2      00 02
  1b9:   147  POP_REF        
  1ba:    69  ST_IND_2       
  1bb:   147  POP_REF        
  1bc:   235  SELCT_ARRAY_IND
  1bd:    26  LD_IND_1       
  1be:   124  LDS_CONST_1     00
  1c0:   224  EQ_1           
  1c1:   145  POP_AE         
  1c2:   151  AND_BIT        
  1c3:   144  PUSH_AE        
  1c4:    96  CREATE_REFERENCE 00 A8
  1c7:   146  PUSH_REF       
  1c8:    99  ADD_OFFSET      00 0A
  1cb:   146  PUSH_REF       
  1cc:    33  LD_CONST_2      00 03
  1cf:   147  POP_REF        
  1d0:    69  ST_IND_2       
  1d1:   147  POP_REF        
  1d2:   235  SELCT_ARRAY_IND
  1d3:    26  LD_IND_1       
  1d4:   124  LDS_CONST_1     00
  1d6:   224  EQ_1           
  1d7:   145  POP_AE         
  1d8:   151  AND_BIT        
  1d9:     3  JMPCN           02 45
  1dc:    96  CREATE_REFERENCE 00 A8
  1df:   146  PUSH_REF       
  1e0:    99  ADD_OFFSET      00 0A
  1e3:   146  PUSH_REF       
  1e4:    33  LD_CONST_2      00 04
  1e7:   147  POP_REF        
  1e8:    69  ST_IND_2       
  1e9:   147  POP_REF        
  1ea:   235  SELCT_ARRAY_IND
  1eb:    26  LD_IND_1       
  1ec:   124  LDS_CONST_1     00
  1ee:   224  EQ_1           
  1ef:     3  JMPCN           02 0F
  1f2:    96  CREATE_REFERENCE 00 A8
  1f5:   146  PUSH_REF       
  1f6:    99  ADD_OFFSET      00 0A
  1f9:   146  PUSH_REF       
  1fa:    33  LD_CONST_2      00 05
  1fd:   147  POP_REF        
  1fe:    69  ST_IND_2       
  1ff:   147  POP_REF        
  200:   235  SELCT_ARRAY_IND
  201:    26  LD_IND_1       
  202:   231  TYPECAST        00 01
  205:    62  ST_BYREF_BIT    00 28
  208:    30  LD_CONST_TRUE  
  209:    62  ST_BYREF_BIT    00 30
  20c:     1  JMP             02 42
  20f:    96  CREATE_REFERENCE 00 A8
  212:   146  PUSH_REF       
  213:    99  ADD_OFFSET      00 0A
  216:   146  PUSH_REF       
  217:    33  LD_CONST_2      00 04
  21a:   147  POP_REF        
  21b:    69  ST_IND_2       
  21c:   147  POP_REF        
  21d:   235  SELCT_ARRAY_IND
  21e:    26  LD_IND_1       
  21f:   124  LDS_CONST_1     01
  221:   224  EQ_1           
  222:     3  JMPCN           02 42
  225:    96  CREATE_REFERENCE 00 A8
  228:   146  PUSH_REF       
  229:    99  ADD_OFFSET      00 0A
  22c:   146  PUSH_REF       
  22d:    33  LD_CONST_2      00 05
  230:   147  POP_REF        
  231:    69  ST_IND_2       
  232:   147  POP_REF        
  233:   235  SELCT_ARRAY_IND
  234:    26  LD_IND_1       
  235:   231  TYPECAST        00 01
  238:    62  ST_BYREF_BIT    00 2C
  23b:    30  LD_CONST_TRUE  
  23c:    62  ST_BYREF_BIT    00 34
  23f:     1  JMP             02 42
  242:     1  JMP             02 45
  245:     1  JMP             02 48
  248:    13  LD_NEAR_4       00 9C
  24b:   126  LDS_CONST_4     00 00  00 00
  250:   196  GT_4           
  251:     3  JMPCN           07 A5
  254:    12  LD_NEAR_2       08 D0
  257:   125  LDS_CONST_2     00 00
  25a:   225  EQ_2           
  25b:     3  JMPCN           04 64
  25e:    32  LD_CONST_1      01
  260:   144  PUSH_AE        
  261:    96  CREATE_REFERENCE 04 A8
  264:   146  PUSH_REF       
  265:    99  ADD_OFFSET      00 0A
  268:   146  PUSH_REF       
  269:    33  LD_CONST_2      00 00
  26c:   147  POP_REF        
  26d:    69  ST_IND_2       
  26e:   147  POP_REF        
  26f:   235  SELCT_ARRAY_IND
  270:   145  POP_AE         
  271:    68  ST_IND_1       
  272:    32  LD_CONST_1      00
  274:   144  PUSH_AE        
  275:    96  CREATE_REFERENCE 04 A8
  278:   146  PUSH_REF       
  279:    99  ADD_OFFSET      00 0A
  27c:   146  PUSH_REF       
  27d:    33  LD_CONST_2      00 01
  280:   147  POP_REF        
  281:    69  ST_IND_2       
  282:   147  POP_REF        
  283:   235  SELCT_ARRAY_IND
  284:   145  POP_AE         
  285:    68  ST_IND_1       
  286:    32  LD_CONST_1      00
  288:   144  PUSH_AE        
  289:    96  CREATE_REFERENCE 04 A8
  28c:   146  PUSH_REF       
  28d:    99  ADD_OFFSET      00 0A
  290:   146  PUSH_REF       
  291:    33  LD_CONST_2      00 02
  294:   147  POP_REF        
  295:    69  ST_IND_2       
  296:   147  POP_REF        
  297:   235  SELCT_ARRAY_IND
  298:   145  POP_AE         
  299:    68  ST_IND_1       
  29a:    32  LD_CONST_1      01
  29c:   144  PUSH_AE        
  29d:    96  CREATE_REFERENCE 04 A8
  2a0:   146  PUSH_REF       
  2a1:    99  ADD_OFFSET      00 0A
  2a4:   146  PUSH_REF       
  2a5:    33  LD_CONST_2      00 03
  2a8:   147  POP_REF        
  2a9:    69  ST_IND_2       
  2aa:   147  POP_REF        
  2ab:   235  SELCT_ARRAY_IND
  2ac:   145  POP_AE         
  2ad:    68  ST_IND_1       
  2ae:    33  LD_CONST_2      00 10
  2b1:    54  ST_NEAR_2       08 C2
  2b4:    12  LD_NEAR_2       08 C2
  2b7:    59  ST_FAR_2        00 14  00 0C
  2bc:     4  CAL             00 14
  2bf:    16  LD_FAR_1        00 14  00 09
  2c4:    53  ST_NEAR_1       00 85
  2c7:    16  LD_FAR_1        00 14  00 08
  2cc:    53  ST_NEAR_1       00 84
  2cf:    11  LD_NEAR_1       00 84
  2d2:   144  PUSH_AE        
  2d3:    96  CREATE_REFERENCE 04 A8
  2d6:   146  PUSH_REF       
  2d7:    99  ADD_OFFSET      00 0A
  2da:   146  PUSH_REF       
  2db:    33  LD_CONST_2      00 04
  2de:   147  POP_REF        
  2df:    69  ST_IND_2       
  2e0:   147  POP_REF        
  2e1:   235  SELCT_ARRAY_IND
  2e2:   145  POP_AE         
  2e3:    68  ST_IND_1       
  2e4:    11  LD_NEAR_1       00 85
  2e7:   144  PUSH_AE        
  2e8:    96  CREATE_REFERENCE 04 A8
  2eb:   146  PUSH_REF       
  2ec:    99  ADD_OFFSET      00 0A
  2ef:   146  PUSH_REF       
  2f0:    33  LD_CONST_2      00 05
  2f3:   147  POP_REF        
  2f4:    69  ST_IND_2       
  2f5:   147  POP_REF        
  2f6:   235  SELCT_ARRAY_IND
  2f7:   145  POP_AE         
  2f8:    68  ST_IND_1       
  2f9:    32  LD_CONST_1      1A
  2fb:   144  PUSH_AE        
  2fc:    96  CREATE_REFERENCE 04 A8
  2ff:   146  PUSH_REF       
  300:    99  ADD_OFFSET      00 0A
  303:   146  PUSH_REF       
  304:    33  LD_CONST_2      00 06
  307:   147  POP_REF        
  308:    69  ST_IND_2       
  309:   147  POP_REF        
  30a:   235  SELCT_ARRAY_IND
  30b:   145  POP_AE         
  30c:    68  ST_IND_1       
  30d:    97  LD_REFERENCE    00 24
  310:   146  PUSH_REF       
  311:    99  ADD_OFFSET      00 0A
  314:   146  PUSH_REF       
  315:    33  LD_CONST_2      00 00
  318:   147  POP_REF        
  319:    69  ST_IND_2       
  31a:   147  POP_REF        
  31b:   235  SELCT_ARRAY_IND
  31c:    26  LD_IND_1       
  31d:   144  PUSH_AE        
  31e:    96  CREATE_REFERENCE 04 A8
  321:   146  PUSH_REF       
  322:    99  ADD_OFFSET      00 0A
  325:   146  PUSH_REF       
  326:    33  LD_CONST_2      00 08
  329:   147  POP_REF        
  32a:    69  ST_IND_2       
  32b:   147  POP_REF        
  32c:   235  SELCT_ARRAY_IND
  32d:   145  POP_AE         
  32e:    68  ST_IND_1       
  32f:    97  LD_REFERENCE    00 24
  332:   146  PUSH_REF       
  333:    99  ADD_OFFSET      00 0A
  336:   146  PUSH_REF       
  337:    33  LD_CONST_2      00 01
  33a:   147  POP_REF        
  33b:    69  ST_IND_2       
  33c:   147  POP_REF        
  33d:   235  SELCT_ARRAY_IND
  33e:    26  LD_IND_1       
  33f:   144  PUSH_AE        
  340:    96  CREATE_REFERENCE 04 A8
  343:   146  PUSH_REF       
  344:    99  ADD_OFFSET      00 0A
  347:   146  PUSH_REF       
  348:    33  LD_CONST_2      00 09
  34b:   147  POP_REF        
  34c:    69  ST_IND_2       
  34d:   147  POP_REF        
  34e:   235  SELCT_ARRAY_IND
  34f:   145  POP_AE         
  350:    68  ST_IND_1       
  351:    97  LD_REFERENCE    00 24
  354:   146  PUSH_REF       
  355:    99  ADD_OFFSET      00 0A
  358:   146  PUSH_REF       
  359:    33  LD_CONST_2      00 02
  35c:   147  POP_REF        
  35d:    69  ST_IND_2       
  35e:   147  POP_REF        
  35f:   235  SELCT_ARRAY_IND
  360:    26  LD_IND_1       
  361:   144  PUSH_AE        
  362:    96  CREATE_REFERENCE 04 A8
  365:   146  PUSH_REF       
  366:    99  ADD_OFFSET      00 0A
  369:   146  PUSH_REF       
  36a:    33  LD_CONST_2      00 0A
  36d:   147  POP_REF        
  36e:    69  ST_IND_2       
  36f:   147  POP_REF        
  370:   235  SELCT_ARRAY_IND
  371:   145  POP_AE         
  372:    68  ST_IND_1       
  373:    97  LD_REFERENCE    00 24
  376:   146  PUSH_REF       
  377:    99  ADD_OFFSET      00 0A
  37a:   146  PUSH_REF       
  37b:    33  LD_CONST_2      00 03
  37e:   147  POP_REF        
  37f:    69  ST_IND_2       
  380:   147  POP_REF        
  381:   235  SELCT_ARRAY_IND
  382:    26  LD_IND_1       
  383:   144  PUSH_AE        
  384:    96  CREATE_REFERENCE 04 A8
  387:   146  PUSH_REF       
  388:    99  ADD_OFFSET      00 0A
  38b:   146  PUSH_REF       
  38c:    33  LD_CONST_2      00 0B
  38f:   147  POP_REF        
  390:    69  ST_IND_2       
  391:   147  POP_REF        
  392:   235  SELCT_ARRAY_IND
  393:   145  POP_AE         
  394:    68  ST_IND_1       
  395:    32  LD_CONST_1      01
  397:   144  PUSH_AE        
  398:    96  CREATE_REFERENCE 04 A8
  39b:   146  PUSH_REF       
  39c:    99  ADD_OFFSET      00 0A
  39f:   146  PUSH_REF       
  3a0:    33  LD_CONST_2      00 0C
  3a3:   147  POP_REF        
  3a4:    69  ST_IND_2       
  3a5:   147  POP_REF        
  3a6:   235  SELCT_ARRAY_IND
  3a7:   145  POP_AE         
  3a8:    68  ST_IND_1       
  3a9:    32  LD_CONST_1      01
  3ab:   144  PUSH_AE        
  3ac:    96  CREATE_REFERENCE 04 A8
  3af:   146  PUSH_REF       
  3b0:    99  ADD_OFFSET      00 0A
  3b3:   146  PUSH_REF       
  3b4:    33  LD_CONST_2      00 0D
  3b7:   147  POP_REF        
  3b8:    69  ST_IND_2       
  3b9:   147  POP_REF        
  3ba:   235  SELCT_ARRAY_IND
  3bb:   145  POP_AE         
  3bc:    68  ST_IND_1       
  3bd:    32  LD_CONST_1      01
  3bf:   144  PUSH_AE        
  3c0:    96  CREATE_REFERENCE 04 A8
  3c3:   146  PUSH_REF       
  3c4:    99  ADD_OFFSET      00 0A
  3c7:   146  PUSH_REF       
  3c8:    33  LD_CONST_2      00 0E
  3cb:   147  POP_REF        
  3cc:    69  ST_IND_2       
  3cd:   147  POP_REF        
  3ce:   235  SELCT_ARRAY_IND
  3cf:   145  POP_AE         
  3d0:    68  ST_IND_1       
  3d1:    32  LD_CONST_1      01
  3d3:   144  PUSH_AE        
  3d4:    96  CREATE_REFERENCE 04 A8
  3d7:   146  PUSH_REF       
  3d8:    99  ADD_OFFSET      00 0A
  3db:   146  PUSH_REF       
  3dc:    33  LD_CONST_2      00 0F
  3df:   147  POP_REF        
  3e0:    69  ST_IND_2       
  3e1:   147  POP_REF        
  3e2:   235  SELCT_ARRAY_IND
  3e3:   145  POP_AE         
  3e4:    68  ST_IND_1       
  3e5:    12  LD_NEAR_2       08 C2
  3e8:    59  ST_FAR_2        00 10  00 20
  3ed:     1  LDA_NEAR        03 F5  16 00  04 A8
  3f5:   109  ST_FAR_8        00 10  00 18
  3fb:    12  LD_NEAR_2       00 A2
  3fe:    59  ST_FAR_2        00 10  00 14
  403:    13  LD_NEAR_4       00 9C
  406:    60  ST_FAR_4        00 10  00 10
  40b:    12  LD_NEAR_2       00 88
  40e:    59  ST_FAR_2        00 10  00 0E
  413:    32  LD_CONST_1      01
  415:    58  ST_FAR_1        00 10  00 0D
  41a:    30  LD_CONST_TRUE  
  41b:    57  ST_FAR_BIT      00 10  00 0C
  420:     4  CAL             00 10
  423:    16  LD_FAR_1        00 10  00 09
  428:    53  ST_NEAR_1       00 A4
  42b:    15  LD_FAR_BIT      00 10  00 08
  430:    52  ST_NEAR_BIT     00 86
  433:    12  LD_NEAR_2       00 88
  436:    59  ST_FAR_2        00 10  00 0E
  43b:    32  LD_CONST_1      01
  43d:    58  ST_FAR_1        00 10  00 0D
  442:    31  LD_CONST_FALSE 
  443:    57  ST_FAR_BIT      00 10  00 0C
  448:     4  CAL             00 10
  44b:    16  LD_FAR_1        00 10  00 09
  450:    53  ST_NEAR_1       00 A5
  453:    15  LD_FAR_BIT      00 10  00 08
  458:    52  ST_NEAR_BIT     00 86
  45b:    33  LD_CONST_2      00 01
  45e:    54  ST_NEAR_2       08 D0
  461:     1  JMP             07 39
  464:    12  LD_NEAR_2       08 D0
  467:   125  LDS_CONST_2     00 01
  46a:   225  EQ_2           
  46b:     3  JMPCN           07 39
  46e:    32  LD_CONST_1      01
  470:   144  PUSH_AE        
  471:    96  CREATE_REFERENCE 04 A8
  474:   146  PUSH_REF       
  475:    99  ADD_OFFSET      00 0A
  478:   146  PUSH_REF       
  479:    33  LD_CONST_2      00 00
  47c:   147  POP_REF        
  47d:    69  ST_IND_2       
  47e:   147  POP_REF        
  47f:   235  SELCT_ARRAY_IND
  480:   145  POP_AE         
  481:    68  ST_IND_1       
  482:    32  LD_CONST_1      00
  484:   144  PUSH_AE        
  485:    96  CREATE_REFERENCE 04 A8
  488:   146  PUSH_REF       
  489:    99  ADD_OFFSET      00 0A
  48c:   146  PUSH_REF       
  48d:    33  LD_CONST_2      00 01
  490:   147  POP_REF        
  491:    69  ST_IND_2       
  492:   147  POP_REF        
  493:   235  SELCT_ARRAY_IND
  494:   145  POP_AE         
  495:    68  ST_IND_1       
  496:    32  LD_CONST_1      00
  498:   144  PUSH_AE        
  499:    96  CREATE_REFERENCE 04 A8
  49c:   146  PUSH_REF       
  49d:    99  ADD_OFFSET      00 0A
  4a0:   146  PUSH_REF       
  4a1:    33  LD_CONST_2      00 02
  4a4:   147  POP_REF        
  4a5:    69  ST_IND_2       
  4a6:   147  POP_REF        
  4a7:   235  SELCT_ARRAY_IND
  4a8:   145  POP_AE         
  4a9:    68  ST_IND_1       
  4aa:    32  LD_CONST_1      01
  4ac:   144  PUSH_AE        
  4ad:    96  CREATE_REFERENCE 04 A8
  4b0:   146  PUSH_REF       
  4b1:    99  ADD_OFFSET      00 0A
  4b4:   146  PUSH_REF       
  4b5:    33  LD_CONST_2      00 03
  4b8:   147  POP_REF        
  4b9:    69  ST_IND_2       
  4ba:   147  POP_REF        
  4bb:   235  SELCT_ARRAY_IND
  4bc:   145  POP_AE         
  4bd:    68  ST_IND_1       
  4be:    33  LD_CONST_2      00 19
  4c1:    54  ST_NEAR_2       08 C2
  4c4:    12  LD_NEAR_2       08 C2
  4c7:    59  ST_FAR_2        00 14  00 0C
  4cc:     4  CAL             00 14
  4cf:    16  LD_FAR_1        00 14  00 09
  4d4:    53  ST_NEAR_1       00 85
  4d7:    16  LD_FAR_1        00 14  00 08
  4dc:    53  ST_NEAR_1       00 84
  4df:    11  LD_NEAR_1       00 84
  4e2:   144  PUSH_AE        
  4e3:    96  CREATE_REFERENCE 04 A8
  4e6:   146  PUSH_REF       
  4e7:    99  ADD_OFFSET      00 0A
  4ea:   146  PUSH_REF       
  4eb:    33  LD_CONST_2      00 04
  4ee:   147  POP_REF        
  4ef:    69  ST_IND_2       
  4f0:   147  POP_REF        
  4f1:   235  SELCT_ARRAY_IND
  4f2:   145  POP_AE         
  4f3:    68  ST_IND_1       
  4f4:    11  LD_NEAR_1       00 85
  4f7:   144  PUSH_AE        
  4f8:    96  CREATE_REFERENCE 04 A8
  4fb:   146  PUSH_REF       
  4fc:    99  ADD_OFFSET      00 0A
  4ff:   146  PUSH_REF       
  500:    33  LD_CONST_2      00 05
  503:   147  POP_REF        
  504:    69  ST_IND_2       
  505:   147  POP_REF        
  506:   235  SELCT_ARRAY_IND
  507:   145  POP_AE         
  508:    68  ST_IND_1       
  509:    32  LD_CONST_1      1B
  50b:   144  PUSH_AE        
  50c:    96  CREATE_REFERENCE 04 A8
  50f:   146  PUSH_REF       
  510:    99  ADD_OFFSET      00 0A
  513:   146  PUSH_REF       
  514:    33  LD_CONST_2      00 06
  517:   147  POP_REF        
  518:    69  ST_IND_2       
  519:   147  POP_REF        
  51a:   235  SELCT_ARRAY_IND
  51b:   145  POP_AE         
  51c:    68  ST_IND_1       
  51d:    22  LD_BYREF_2      00 80
  520:    59  ST_FAR_2        00 14  00 0C
  525:     4  CAL             00 14
  528:    16  LD_FAR_1        00 14  00 09
  52d:    53  ST_NEAR_1       00 85
  530:    16  LD_FAR_1        00 14  00 08
  535:    53  ST_NEAR_1       00 84
  538:    11  LD_NEAR_1       00 84
  53b:   144  PUSH_AE        
  53c:    96  CREATE_REFERENCE 04 A8
  53f:   146  PUSH_REF       
  540:    99  ADD_OFFSET      00 0A
  543:   146  PUSH_REF       
  544:    33  LD_CONST_2      00 08
  547:   147  POP_REF        
  548:    69  ST_IND_2       
  549:   147  POP_REF        
  54a:   235  SELCT_ARRAY_IND
  54b:   145  POP_AE         
  54c:    68  ST_IND_1       
  54d:    11  LD_NEAR_1       00 85
  550:   144  PUSH_AE        
  551:    96  CREATE_REFERENCE 04 A8
  554:   146  PUSH_REF       
  555:    99  ADD_OFFSET      00 0A
  558:   146  PUSH_REF       
  559:    33  LD_CONST_2      00 09
  55c:   147  POP_REF        
  55d:    69  ST_IND_2       
  55e:   147  POP_REF        
  55f:   235  SELCT_ARRAY_IND
  560:   145  POP_AE         
  561:    68  ST_IND_1       
  562:    20  LD_BYREF_BIT    00 38
  565:   231  TYPECAST        01 00
  568:   144  PUSH_AE        
  569:    96  CREATE_REFERENCE 04 A8
  56c:   146  PUSH_REF       
  56d:    99  ADD_OFFSET      00 0A
  570:   146  PUSH_REF       
  571:    33  LD_CONST_2      00 0A
  574:   147  POP_REF        
  575:    69  ST_IND_2       
  576:   147  POP_REF        
  577:   235  SELCT_ARRAY_IND
  578:   145  POP_AE         
  579:    68  ST_IND_1       
  57a:    20  LD_BYREF_BIT    00 3C
  57d:   231  TYPECAST        01 00
  580:   144  PUSH_AE        
  581:    96  CREATE_REFERENCE 04 A8
  584:   146  PUSH_REF       
  585:    99  ADD_OFFSET      00 0A
  588:   146  PUSH_REF       
  589:    33  LD_CONST_2      00 0B
  58c:   147  POP_REF        
  58d:    69  ST_IND_2       
  58e:   147  POP_REF        
  58f:   235  SELCT_ARRAY_IND
  590:   145  POP_AE         
  591:    68  ST_IND_1       
  592:    20  LD_BYREF_BIT    00 58
  595:   231  TYPECAST        01 00
  598:   144  PUSH_AE        
  599:    96  CREATE_REFERENCE 04 A8
  59c:   146  PUSH_REF       
  59d:    99  ADD_OFFSET      00 0A
  5a0:   146  PUSH_REF       
  5a1:    33  LD_CONST_2      00 0C
  5a4:   147  POP_REF        
  5a5:    69  ST_IND_2       
  5a6:   147  POP_REF        
  5a7:   235  SELCT_ARRAY_IND
  5a8:   145  POP_AE         
  5a9:    68  ST_IND_1       
  5aa:    20  LD_BYREF_BIT    00 5C
  5ad:   231  TYPECAST        01 00
  5b0:   144  PUSH_AE        
  5b1:    96  CREATE_REFERENCE 04 A8
  5b4:   146  PUSH_REF       
  5b5:    99  ADD_OFFSET      00 0A
  5b8:   146  PUSH_REF       
  5b9:    33  LD_CONST_2      00 0D
  5bc:   147  POP_REF        
  5bd:    69  ST_IND_2       
  5be:   147  POP_REF        
  5bf:   235  SELCT_ARRAY_IND
  5c0:   145  POP_AE         
  5c1:    68  ST_IND_1       
  5c2:    20  LD_BYREF_BIT    00 60
  5c5:   231  TYPECAST        01 00
  5c8:   144  PUSH_AE        
  5c9:    96  CREATE_REFERENCE 04 A8
  5cc:   146  PUSH_REF       
  5cd:    99  ADD_OFFSET      00 0A
  5d0:   146  PUSH_REF       
  5d1:    33  LD_CONST_2      00 0E
  5d4:   147  POP_REF        
  5d5:    69  ST_IND_2       
  5d6:   147  POP_REF        
  5d7:   235  SELCT_ARRAY_IND
  5d8:   145  POP_AE         
  5d9:    68  ST_IND_1       
  5da:    20  LD_BYREF_BIT    00 64
  5dd:   231  TYPECAST        01 00
  5e0:   144  PUSH_AE        
  5e1:    96  CREATE_REFERENCE 04 A8
  5e4:   146  PUSH_REF       
  5e5:    99  ADD_OFFSET      00 0A
  5e8:   146  PUSH_REF       
  5e9:    33  LD_CONST_2      00 0F
  5ec:   147  POP_REF        
  5ed:    69  ST_IND_2       
  5ee:   147  POP_REF        
  5ef:   235  SELCT_ARRAY_IND
  5f0:   145  POP_AE         
  5f1:    68  ST_IND_1       
  5f2:    20  LD_BYREF_BIT    00 68
  5f5:   231  TYPECAST        01 00
  5f8:   144  PUSH_AE        
  5f9:    96  CREATE_REFERENCE 04 A8
  5fc:   146  PUSH_REF       
  5fd:    99  ADD_OFFSET      00 0A
  600:   146  PUSH_REF       
  601:    33  LD_CONST_2      00 10
  604:   147  POP_REF        
  605:    69  ST_IND_2       
  606:   147  POP_REF        
  607:   235  SELCT_ARRAY_IND
  608:   145  POP_AE         
  609:    68  ST_IND_1       
  60a:    20  LD_BYREF_BIT    00 6C
  60d:   231  TYPECAST        01 00
  610:   144  PUSH_AE        
  611:    96  CREATE_REFERENCE 04 A8
  614:   146  PUSH_REF       
  615:    99  ADD_OFFSET      00 0A
  618:   146  PUSH_REF       
  619:    33  LD_CONST_2      00 11
  61c:   147  POP_REF        
  61d:    69  ST_IND_2       
  61e:   147  POP_REF        
  61f:   235  SELCT_ARRAY_IND
  620:   145  POP_AE         
  621:    68  ST_IND_1       
  622:    20  LD_BYREF_BIT    00 70
  625:   231  TYPECAST        01 00
  628:   144  PUSH_AE        
  629:    96  CREATE_REFERENCE 04 A8
  62c:   146  PUSH_REF       
  62d:    99  ADD_OFFSET      00 0A
  630:   146  PUSH_REF       
  631:    33  LD_CONST_2      00 12
  634:   147  POP_REF        
  635:    69  ST_IND_2       
  636:   147  POP_REF        
  637:   235  SELCT_ARRAY_IND
  638:   145  POP_AE         
  639:    68  ST_IND_1       
  63a:    20  LD_BYREF_BIT    00 78
  63d:   231  TYPECAST        01 00
  640:   144  PUSH_AE        
  641:    96  CREATE_REFERENCE 04 A8
  644:   146  PUSH_REF       
  645:    99  ADD_OFFSET      00 0A
  648:   146  PUSH_REF       
  649:    33  LD_CONST_2      00 13
  64c:   147  POP_REF        
  64d:    69  ST_IND_2       
  64e:   147  POP_REF        
  64f:   235  SELCT_ARRAY_IND
  650:   145  POP_AE         
  651:    68  ST_IND_1       
  652:    20  LD_BYREF_BIT    00 7C
  655:   231  TYPECAST        01 00
  658:   144  PUSH_AE        
  659:    96  CREATE_REFERENCE 04 A8
  65c:   146  PUSH_REF       
  65d:    99  ADD_OFFSET      00 0A
  660:   146  PUSH_REF       
  661:    33  LD_CONST_2      00 14
  664:   147  POP_REF        
  665:    69  ST_IND_2       
  666:   147  POP_REF        
  667:   235  SELCT_ARRAY_IND
  668:   145  POP_AE         
  669:    68  ST_IND_1       
  66a:    32  LD_CONST_1      01
  66c:   144  PUSH_AE        
  66d:    96  CREATE_REFERENCE 04 A8
  670:   146  PUSH_REF       
  671:    99  ADD_OFFSET      00 0A
  674:   146  PUSH_REF       
  675:    33  LD_CONST_2      00 15
  678:   147  POP_REF        
  679:    69  ST_IND_2       
  67a:   147  POP_REF        
  67b:   235  SELCT_ARRAY_IND
  67c:   145  POP_AE         
  67d:    68  ST_IND_1       
  67e:    32  LD_CONST_1      01
  680:   144  PUSH_AE        
  681:    96  CREATE_REFERENCE 04 A8
  684:   146  PUSH_REF       
  685:    99  ADD_OFFSET      00 0A
  688:   146  PUSH_REF       
  689:    33  LD_CONST_2      00 16
  68c:   147  POP_REF        
  68d:    69  ST_IND_2       
  68e:   147  POP_REF        
  68f:   235  SELCT_ARRAY_IND
  690:   145  POP_AE         
  691:    68  ST_IND_1       
  692:    32  LD_CONST_1      01
  694:   144  PUSH_AE        
  695:    96  CREATE_REFERENCE 04 A8
  698:   146  PUSH_REF       
  699:    99  ADD_OFFSET      00 0A
  69c:   146  PUSH_REF       
  69d:    33  LD_CONST_2      00 17
  6a0:   147  POP_REF        
  6a1:    69  ST_IND_2       
  6a2:   147  POP_REF        
  6a3:   235  SELCT_ARRAY_IND
  6a4:   145  POP_AE         
  6a5:    68  ST_IND_1       
  6a6:    32  LD_CONST_1      01
  6a8:   144  PUSH_AE        
  6a9:    96  CREATE_REFERENCE 04 A8
  6ac:   146  PUSH_REF       
  6ad:    99  ADD_OFFSET      00 0A
  6b0:   146  PUSH_REF       
  6b1:    33  LD_CONST_2      00 18
  6b4:   147  POP_REF        
  6b5:    69  ST_IND_2       
  6b6:   147  POP_REF        
  6b7:   235  SELCT_ARRAY_IND
  6b8:   145  POP_AE         
  6b9:    68  ST_IND_1       
  6ba:    12  LD_NEAR_2       08 C2
  6bd:    59  ST_FAR_2        00 10  00 20
  6c2:     1  LDA_NEAR        03 F5  16 00  04 A8
  6ca:   109  ST_FAR_8        00 10  00 18
  6d0:    12  LD_NEAR_2       00 A2
  6d3:    59  ST_FAR_2        00 10  00 14
  6d8:    13  LD_NEAR_4       00 9C
  6db:    60  ST_FAR_4        00 10  00 10
  6e0:    12  LD_NEAR_2       00 88
  6e3:    59  ST_FAR_2        00 10  00 0E
  6e8:    32  LD_CONST_1      01
  6ea:    58  ST_FAR_1        00 10  00 0D
  6ef:    30  LD_CONST_TRUE  
  6f0:    57  ST_FAR_BIT      00 10  00 0C
  6f5:     4  CAL             00 10
  6f8:    16  LD_FAR_1        00 10  00 09
  6fd:    53  ST_NEAR_1       00 A4
  700:    15  LD_FAR_BIT      00 10  00 08
  705:    52  ST_NEAR_BIT     00 86
  708:    12  LD_NEAR_2       00 88
  70b:    59  ST_FAR_2        00 10  00 0E
  710:    32  LD_CONST_1      01
  712:    58  ST_FAR_1        00 10  00 0D
  717:    31  LD_CONST_FALSE 
  718:    57  ST_FAR_BIT      00 10  00 0C
  71d:     4  CAL             00 10
  720:    16  LD_FAR_1        00 10  00 09
  725:    53  ST_NEAR_1       00 A5
  728:    15  LD_FAR_BIT      00 10  00 08
  72d:    52  ST_NEAR_BIT     00 86
  730:    33  LD_CONST_2      00 00
  733:    54  ST_NEAR_2       08 D0
  736:     1  JMP             07 39
  739:    34  LD_CONST_4      00 00  00 01
  73e:    55  ST_NEAR_4       08 C8
  741:   105  LDS_NEAR_4      08 CC
  744:   226  EQ_4           
  745:     2  JMPC            07 87
  748:    34  LD_CONST_4      00 00  00 01
  74d:   105  LDS_NEAR_4      08 CC
  750:   197  GT_4_SGN       
  751:     2  JMPC            07 6F
  754:    34  LD_CONST_4      00 00  00 00
  759:   126  LDS_CONST_4     00 00  00 01
  75e:   197  GT_4_SGN       
  75f:     2  JMPC            07 A2
  762:    13  LD_NEAR_4       08 CC
  765:   105  LDS_NEAR_4      08 C8
  768:   221  LT_4_SGN       
  769:     2  JMPC            07 A2
  76c:     1  JMP             07 87
  76f:    13  LD_NEAR_4       08 CC
  772:   105  LDS_NEAR_4      08 C8
  775:   197  GT_4_SGN       
  776:     2  JMPC            07 A2
  779:    34  LD_CONST_4      00 00  00 00
  77e:   126  LDS_CONST_4     00 00  00 01
  783:   221  LT_4_SGN       
  784:     2  JMPC            07 A2
  787:    13  LD_NEAR_4       08 C4
  78a:   126  LDS_CONST_4     00 00  00 01
  78f:   168  ADD_4_SGN      
  790:    55  ST_NEAR_4       08 C4
  793:    34  LD_CONST_4      00 00  00 01
  798:   105  LDS_NEAR_4      08 C8
  79b:   168  ADD_4_SGN      
  79c:    55  ST_NEAR_4       08 C8
  79f:     1  JMP             07 48
  7a2:     1  JMP             07 CD
  7a5:    12  LD_NEAR_2       00 88
  7a8:    59  ST_FAR_2        00 10  00 0E
  7ad:    32  LD_CONST_1      01
  7af:    58  ST_FAR_1        00 10  00 0D
  7b4:    31  LD_CONST_FALSE 
  7b5:    57  ST_FAR_BIT      00 10  00 0C
  7ba:     4  CAL             00 10
  7bd:    16  LD_FAR_1        00 10  00 09
  7c2:    53  ST_NEAR_1       00 A5
  7c5:    15  LD_FAR_BIT      00 10  00 08
  7ca:    52  ST_NEAR_BIT     00 86
  7cd:     1  JMP             07 D0
  7d0:    33  LD_CONST_2      00 00
  7d3:    64  ST_BYREF_2      00 20
  7d6:     1  JMP             07 D9
  7d9:     1  JMP             07 DC
  7dc:     7  RET            

Nr 15: Initialsegment
60 08 02 10 0E 00 00 00 00 00 7C 00 50 08 00 00 
00 00 00 00 FF FF 00 00 00 00 00 00 00 00 00 00 
00 00 00 00 00 00 00 00 00 00 00 00 00 00 31 75 
00 00 00 00 F8 03 01 00 02 01 00 00 E8 03 CD CD 
00 00 00 00 00 00 00 00 00 00 00 00 00 00 00 00 
00 00 00 00 00 00 00 00 00 00 00 00 00 00 00 00 
00 00 00 00 00 00 00 00 00 00 00 00 00 00 00 00 
00 00 00 00 00 00 00 00 00 00 00 00 00 00 00 00 
00 00 00 00 00 00 00 00 00 00 00 00 00 00 00 00 
00 00 00 00 00 00 00 00 00 00 00 00 00 00 00 00 
00 00 00 00 00 00 00 00 00 00 00 00 00 00 00 00 
00 00 00 00 00 00 00 00 00 00 00 00 00 00 00 00 
00 00 00 00 00 00 00 00 00 00 00 00 00 00 00 00 
00 00 00 00 00 00 00 00 00 00 00 00 00 00 00 00 
00 00 00 00 00 00 00 00 00 00 00 00 00 00 00 00 
00 00 00 00 00 00 00 00 00 00 00 00 00 00 00 00 
00 00 00 00 00 00 00 00 00 00 00 00 00 00 00 00 
00 00 00 00 00 00 00 00 00 00 00 00 00 00 00 00 
00 00 00 00 00 00 00 00 00 00 00 00 00 00 00 00 
00 00 00 00 00 00 00 00 00 00 00 00 00 00 00 00 
00 00 00 00 00 00 00 00 00 00 00 00 00 00 00 00 
00 00 00 00 00 00 00 00 00 00 00 00 00 00 00 00 
00 00 00 00 00 00 00 00 00 00 00 00 00 00 00 00 
00 00 00 00 00 00 00 00 00 00 00 00 00 00 00 00 
00 00 00 00 00 00 00 00 00 00 00 00 00 00 00 00 
00 00 00 00 00 00 00 00 00 00 00 00 00 00 00 00 
00 00 00 00 00 00 00 00 00 00 00 00 00 00 00 00 
00 00 00 00 00 00 00 00 00 00 00 00 00 00 00 00 
00 00 00 00 00 00 00 00 00 00 00 00 00 00 00 00 
00 00 00 00 00 00 00 00 00 00 00 00 00 00 00 00 
00 00 00 00 00 00 00 00 00 00 00 00 00 00 00 00 
00 00 00 00 00 00 00 00 00 00 00 00 00 00 00 00 
00 00 00 00 00 00 00 00 00 00 00 00 00 00 00 00 
00 00 00 00 00 00 00 00 00 00 00 00 00 00 00 00 
00 00 00 00 00 00 00 00 00 00 00 00 00 00 00 00 
00 00 00 00 00 00 00 00 00 00 00 00 00 00 00 00 
00 00 00 00 00 00 00 00 00 00 00 00 00 00 00 00 
00 00 00 00 00 00 00 00 00 00 00 00 00 00 00 00 
00 00 00 00 00 00 00 00 00 00 00 00 00 00 00 00 
00 00 00 00 00 00 00 00 00 00 00 00 00 00 00 00 
00 00 00 00 00 00 00 00 00 00 00 00 00 00 00 00 
00 00 00 00 00 00 00 00 00 00 00 00 00 00 00 00 
00 00 00 00 00 00 00 00 00 00 00 00 00 00 00 00 
00 00 00 00 00 00 00 00 00 00 00 00 00 00 00 00 
00 00 00 00 00 00 00 00 00 00 00 00 00 00 00 00 
00 00 00 00 00 00 00 00 00 00 00 00 00 00 00 00 
00 00 00 00 00 00 00 00 00 00 00 00 00 00 00 00 
00 00 00 00 00 00 00 00 00 00 00 00 00 00 00 00 
00 00 00 00 00 00 00 00 00 00 00 00 00 00 00 00 
00 00 00 00 00 00 00 00 00 00 00 00 00 00 00 00 
00 00 00 00 00 00 00 00 00 00 00 00 00 00 00 00 
00 00 00 00 00 00 00 00 00 00 00 00 00 00 00 00 
00 00 00 00 00 00 00 00 00 00 00 00 00 00 00 00 
00 00 00 00 00 00 00 00 00 00 00 00 00 00 00 00 
00 00 00 00 00 00 00 00 00 00 00 00 00 00 00 00 
00 00 00 00 00 00 00 00 00 00 00 00 00 00 00 00 
00 00 00 00 00 00 00 00 00 00 00 00 00 00 00 00 
00 00 00 00 00 00 00 00 00 00 00 00 00 00 00 00 
00 00 00 00 00 00 00 00 00 00 00 00 00 00 00 00 
00 00 00 00 00 00 00 00 00 00 00 00 00 00 00 00 
00 00 00 00 00 00 00 00 00 00 00 00 00 00 00 00 
00 00 00 00 00 00 00 00 00 00 00 00 00 00 00 00 
00 00 00 00 00 00 00 00 00 00 00 00 00 00 00 00 
00 00 00 00 00 00 00 00 00 00 00 00 00 00 00 00 
00 00 00 00 00 00 00 00 00 00 00 00 00 00 00 00 
00 00 00 00 00 00 00 00 00 00 00 00 00 00 00 00 
00 00 00 00 00 00 00 00 00 00 00 00 00 00 00 00 
00 00 00 00 F8 03 01 00 02 01 00 00 E8 03 CD CD 
00 00 00 00 00 00 00 00 00 00 00 00 00 00 00 00 
00 00 00 00 00 00 00 00 00 00 00 00 00 00 00 00 
00 00 00 00 00 00 00 00 00 00 00 00 00 00 00 00 
00 00 00 00 00 00 00 00 00 00 00 00 00 00 00 00 
00 00 00 00 00 00 00 00 00 00 00 00 00 00 00 00 
00 00 00 00 00 00 00 00 00 00 00 00 00 00 00 00 
00 00 00 00 00 00 00 00 00 00 00 00 00 00 00 00 
00 00 00 00 00 00 00 00 00 00 00 00 00 00 00 00 
00 00 00 00 00 00 00 00 00 00 00 00 00 00 00 00 
00 00 00 00 00 00 00 00 00 00 00 00 00 00 00 00 
00 00 00 00 00 00 00 00 00 00 00 00 00 00 00 00 
00 00 00 00 00 00 00 00 00 00 00 00 00 00 00 00 
00 00 00 00 00 00 00 00 00 00 00 00 00 00 00 00 
00 00 00 00 00 00 00 00 00 00 00 00 00 00 00 00 
00 00 00 00 00 00 00 00 00 00 00 00 00 00 00 00 
00 00 00 00 00 00 00 00 00 00 00 00 00 00 00 00 
00 00 00 00 00 00 00 00 00 00 00 00 00 00 00 00 
00 00 00 00 00 00 00 00 00 00 00 00 00 00 00 00 
00 00 00 00 00 00 00 00 00 00 00 00 00 00 00 00 
00 00 00 00 00 00 00 00 00 00 00 00 00 00 00 00 
00 00 00 00 00 00 00 00 00 00 00 00 00 00 00 00 
00 00 00 00 00 00 00 00 00 00 00 00 00 00 00 00 
00 00 00 00 00 00 00 00 00 00 00 00 00 00 00 00 
00 00 00 00 00 00 00 00 00 00 00 00 00 00 00 00 
00 00 00 00 00 00 00 00 00 00 00 00 00 00 00 00 
00 00 00 00 00 00 00 00 00 00 00 00 00 00 00 00 
00 00 00 00 00 00 00 00 00 00 00 00 00 00 00 00 
00 00 00 00 00 00 00 00 00 00 00 00 00 00 00 00 
00 00 00 00 00 00 00 00 00 00 00 00 00 00 00 00 
00 00 00 00 00 00 00 00 00 00 00 00 00 00 00 00 
00 00 00 00 00 00 00 00 00 00 00 00 00 00 00 00 
00 00 00 00 00 00 00 00 00 00 00 00 00 00 00 00 
00 00 00 00 00 00 00 00 00 00 00 00 00 00 00 00 
00 00 00 00 00 00 00 00 00 00 00 00 00 00 00 00 
00 00 00 00 00 00 00 00 00 00 00 00 00 00 00 00 
00 00 00 00 00 00 00 00 00 00 00 00 00 00 00 00 
00 00 00 00 00 00 00 00 00 00 00 00 00 00 00 00 
00 00 00 00 00 00 00 00 00 00 00 00 00 00 00 00 
00 00 00 00 00 00 00 00 00 00 00 00 00 00 00 00 
00 00 00 00 00 00 00 00 00 00 00 00 00 00 00 00 
00 00 00 00 00 00 00 00 00 00 00 00 00 00 00 00 
00 00 00 00 00 00 00 00 00 00 00 00 00 00 00 00 
00 00 00 00 00 00 00 00 00 00 00 00 00 00 00 00 
00 00 00 00 00 00 00 00 00 00 00 00 00 00 00 00 
00 00 00 00 00 00 00 00 00 00 00 00 00 00 00 00 
00 00 00 00 00 00 00 00 00 00 00 00 00 00 00 00 
00 00 00 00 00 00 00 00 00 00 00 00 00 00 00 00 
00 00 00 00 00 00 00 00 00 00 00 00 00 00 00 00 
00 00 00 00 00 00 00 00 00 00 00 00 00 00 00 00 
00 00 00 00 00 00 00 00 00 00 00 00 00 00 00 00 
00 00 00 00 00 00 00 00 00 00 00 00 00 00 00 00 
00 00 00 00 00 00 00 00 00 00 00 00 00 00 00 00 
00 00 00 00 00 00 00 00 00 00 00 00 00 00 00 00 
00 00 00 00 00 00 00 00 00 00 00 00 00 00 00 00 
00 00 00 00 00 00 00 00 00 00 00 00 00 00 00 00 
00 00 00 00 00 00 00 00 00 00 00 00 00 00 00 00 
00 00 00 00 00 00 00 00 00 00 00 00 00 00 00 00 
00 00 00 00 00 00 00 00 00 00 00 00 00 00 00 00 
00 00 00 00 00 00 00 00 00 00 00 00 00 00 00 00 
00 00 00 00 00 00 00 00 00 00 00 00 00 00 00 00 
00 00 00 00 00 00 00 00 00 00 00 00 00 00 00 00 
00 00 00 00 00 00 00 00 00 00 00 00 00 00 00 00 
00 00 00 00 00 00 00 00 00 00 00 00 00 00 00 00 
00 00 00 00 00 00 00 00 00 00 00 00 00 00 00 00 
00 00 00 00 00 00 00 00 00 00 00 00 00 00 00 00 
00 00 00 00 00 00 00 00 20 4E 00 00 00 00 00 00 

Nr 16: Datasegment
18 00 01 08 11 00 CD CD 00 00 00 00 00 00 00 00 
00 00 00 00 00 00 00 00 

Nr 17: Codesegment
07 00 00 06 12 00 07 

    IntelFormat
      Die Parameterwerte der Funktionen
      werden im Motorola-Format angezeigt.
    ByteSize = 1.

    6:     7  RET            

Nr 18: Initialsegment
20 00 02 10 11 00 0C 00 00 00 00 00 04 00 00 00 
00 00 00 00 00 00 00 00 00 00 00 00 00 00 00 00 

Nr 19: Datasegment
2C 00 01 08 14 00 CD CD 00 00 00 00 00 00 00 00 
00 00 00 00 00 00 00 00 00 00 00 00 00 00 00 00 
00 00 00 00 00 00 00 00 00 00 00 00 

Nr 20: Codesegment
07 00 00 06 15 00 07 

    IntelFormat
      Die Parameterwerte der Funktionen
      werden im Motorola-Format angezeigt.
    ByteSize = 1.

    6:     7  RET            

Nr 21: Initialsegment
34 00 02 10 14 00 20 00 00 00 00 00 04 00 00 00 
00 00 00 00 00 00 00 00 00 00 00 00 00 00 00 00 
00 00 00 00 00 00 00 00 00 00 00 00 00 00 00 00 
00 00 00 00 

Nr 22: Datasegment
28 00 01 08 17 00 CD CD 00 00 00 00 00 00 00 00 
00 00 00 00 00 00 00 00 00 00 00 00 00 00 00 00 
00 00 00 00 00 00 00 00 

Nr 23: Codesegment
07 00 00 06 18 00 07 

    IntelFormat
      Die Parameterwerte der Funktionen
      werden im Motorola-Format angezeigt.
    ByteSize = 1.

    6:     7  RET            

Nr 24: Initialsegment
30 00 02 10 17 00 1C 00 00 00 00 00 04 00 00 00 
00 00 00 00 00 00 00 00 00 00 00 00 00 00 00 00 
00 00 00 00 00 00 00 00 00 00 00 00 00 00 00 00 

Nr 25: Datasegment
14 00 01 08 1A 00 00 00 00 00 00 00 00 00 00 00 
00 00 00 00 

Nr 26: Codesegment
30 00 00 06 1B 00 0C 0C 00 E7 82 01 35 08 00 0B 
08 00 E7 01 82 36 12 00 0C 0C 00 68 12 00 AD 7D 
00 01 BB 36 10 00 0C 10 00 E7 82 01 35 09 00 07 

    IntelFormat
      Die Parameterwerte der Funktionen
      werden im Motorola-Format angezeigt.
    ByteSize = 1.

    6:    12  LD_NEAR_2       00 0C
    9:   231  TYPECAST        01 82
    c:    53  ST_NEAR_1       00 08
    f:    11  LD_NEAR_1       00 08
   12:   231  TYPECAST        82 01
   15:    54  ST_NEAR_2       00 12
   18:    12  LD_NEAR_2       00 0C
   1b:   104  LDS_NEAR_2      00 12
   1e:   173  SUB_2_SGN      
   1f:   125  LDS_CONST_2     01 00
   22:   187  DIV_2_SGN      
   23:    54  ST_NEAR_2       00 10
   26:    12  LD_NEAR_2       00 10
   29:   231  TYPECAST        01 82
   2c:    53  ST_NEAR_1       00 09
   2f:     7  RET            

Nr 27: Initialsegment
1C 00 02 10 1A 00 08 00 00 00 00 00 04 00 00 00 
00 00 00 00 00 00 00 00 00 00 00 00 

Nr 28: Datasegment
2C 00 01 08 1D 00 CD CD 00 00 00 00 00 00 00 00 
00 00 00 00 00 00 00 00 00 00 00 00 00 00 00 00 
00 00 00 00 00 00 00 00 00 00 00 00 

Nr 29: Codesegment
07 00 00 06 1E 00 07 

    IntelFormat
      Die Parameterwerte der Funktionen
      werden im Motorola-Format angezeigt.
    ByteSize = 1.

    6:     7  RET            

Nr 30: Initialsegment
34 00 02 10 1D 00 24 00 00 00 00 00 00 00 00 00 
00 00 00 00 00 00 00 00 00 00 00 00 00 00 00 00 
00 00 00 00 00 00 00 00 00 00 00 00 00 00 00 00 
00 00 00 00 

Nr 31: Datasegment
24 00 01 08 20 00 CD CD 00 00 00 00 00 00 00 00 
00 00 00 00 00 00 00 00 00 00 00 00 00 00 00 00 
00 00 00 00 

Nr 32: Codesegment
07 00 00 06 21 00 07 

    IntelFormat
      Die Parameterwerte der Funktionen
      werden im Motorola-Format angezeigt.
    ByteSize = 1.

    6:     7  RET            

Nr 33: Initialsegment
2C 00 02 10 20 00 10 00 00 00 00 00 0C 00 00 00 
00 00 00 00 00 00 00 00 00 00 00 00 00 00 00 00 
00 00 00 00 00 00 00 00 00 00 00 00 


Program Nr: 1:
Nr 13: Datasegment
F8 00 01 08 0E 00 00 00 10 00 BC 40 0A 00 08 00 
0A 00 0C 00 0A 00 4C 00 0A 00 4D 00 0A 00 4E 00 
0A 00 4F 00 0A 00 50 00 0A 00 51 00 0A 00 52 00 
0A 00 53 00 0A 00 54 00 0A 00 55 00 0A 00 56 00 
0A 00 57 00 0A 00 58 00 0A 00 59 00 0A 00 5A 00 
0A 00 5B 00 0A 00 5C 00 0A 00 5D 00 0A 00 5E 00 
0A 00 5F 00 0A 00 60 00 0A 00 61 00 0A 00 62 00 
01 00 08 00 01 20 08 00 01 40 08 00 01 60 08 00 
01 80 08 00 01 A0 08 00 01 C0 08 00 01 E0 08 00 
01 00 09 00 01 20 09 00 01 40 09 00 01 60 09 00 
01 80 09 00 01 A0 09 00 01 C0 09 00 01 E0 09 00 
01 00 08 08 01 20 08 08 01 40 08 08 01 60 08 08 
01 80 08 08 01 A0 08 08 01 C0 08 08 01 E0 08 08 
01 00 0A 00 01 00 0C 00 01 00 0E 00 01 00 10 00 
01 00 09 08 01 00 0B 08 01 00 0D 08 01 00 0F 08 
00 00 00 00 00 00 00 00 

Nr 14: Codesegment
B6 00 00 06 0F 00 16 0C 00 7D 00 00 E1 03 B5 00 
14 70 00 3E 24 00 14 74 00 3E 28 00 14 78 00 3E 
2C 00 14 7C 00 3E 30 00 14 80 00 3E 34 00 14 84 
00 3E 38 00 14 88 00 3E 3C 00 14 8C 00 3E 40 00 
14 90 00 3E 44 00 14 94 00 3E 48 00 14 98 00 3E 
4C 00 14 9C 00 3E 50 00 14 A0 00 3E 54 00 14 A4 
00 3E 58 00 14 A8 00 3E 5C 00 14 AC 00 3E 60 00 
14 B0 00 3E 64 00 14 B4 00 3E 68 00 16 D0 00 40 
6C 00 14 1C 00 7A DF 03 97 00 14 14 00 3E B0 00 
1F 3E 1C 00 01 97 00 14 20 00 7A DF 03 AC 00 14 
18 00 3E B4 00 1F 3E 20 00 01 AC 00 21 01 00 40 
0C 00 01 B5 00 07 

    IntelFormat
      Die Parameterwerte der Funktionen
      werden im Motorola-Format angezeigt.
    ByteSize = 1.

    6:    22  LD_BYREF_2      00 0C
    9:   125  LDS_CONST_2     00 00
    c:   225  EQ_2           
    d:     3  JMPCN           00 B5
   10:    20  LD_BYREF_BIT    00 70
   13:    62  ST_BYREF_BIT    00 24
   16:    20  LD_BYREF_BIT    00 74
   19:    62  ST_BYREF_BIT    00 28
   1c:    20  LD_BYREF_BIT    00 78
   1f:    62  ST_BYREF_BIT    00 2C
   22:    20  LD_BYREF_BIT    00 7C
   25:    62  ST_BYREF_BIT    00 30
   28:    20  LD_BYREF_BIT    00 80
   2b:    62  ST_BYREF_BIT    00 34
   2e:    20  LD_BYREF_BIT    00 84
   31:    62  ST_BYREF_BIT    00 38
   34:    20  LD_BYREF_BIT    00 88
   37:    62  ST_BYREF_BIT    00 3C
   3a:    20  LD_BYREF_BIT    00 8C
   3d:    62  ST_BYREF_BIT    00 40
   40:    20  LD_BYREF_BIT    00 90
   43:    62  ST_BYREF_BIT    00 44
   46:    20  LD_BYREF_BIT    00 94
   49:    62  ST_BYREF_BIT    00 48
   4c:    20  LD_BYREF_BIT    00 98
   4f:    62  ST_BYREF_BIT    00 4C
   52:    20  LD_BYREF_BIT    00 9C
   55:    62  ST_BYREF_BIT    00 50
   58:    20  LD_BYREF_BIT    00 A0
   5b:    62  ST_BYREF_BIT    00 54
   5e:    20  LD_BYREF_BIT    00 A4
   61:    62  ST_BYREF_BIT    00 58
   64:    20  LD_BYREF_BIT    00 A8
   67:    62  ST_BYREF_BIT    00 5C
   6a:    20  LD_BYREF_BIT    00 AC
   6d:    62  ST_BYREF_BIT    00 60
   70:    20  LD_BYREF_BIT    00 B0
   73:    62  ST_BYREF_BIT    00 64
   76:    20  LD_BYREF_BIT    00 B4
   79:    62  ST_BYREF_BIT    00 68
   7c:    22  LD_BYREF_2      00 D0
   7f:    64  ST_BYREF_2      00 6C
   82:    20  LD_BYREF_BIT    00 1C
   85:   122  LDS_CONST_TRUE 
   86:   223  EQ_BIT         
   87:     3  JMPCN           00 97
   8a:    20  LD_BYREF_BIT    00 14
   8d:    62  ST_BYREF_BIT    00 B0
   90:    31  LD_CONST_FALSE 
   91:    62  ST_BYREF_BIT    00 1C
   94:     1  JMP             00 97
   97:    20  LD_BYREF_BIT    00 20
   9a:   122  LDS_CONST_TRUE 
   9b:   223  EQ_BIT         
   9c:     3  JMPCN           00 AC
   9f:    20  LD_BYREF_BIT    00 18
   a2:    62  ST_BYREF_BIT    00 B4
   a5:    31  LD_CONST_FALSE 
   a6:    62  ST_BYREF_BIT    00 20
   a9:     1  JMP             00 AC
   ac:    33  LD_CONST_2      00 01
   af:    64  ST_BYREF_2      00 0C
   b2:     1  JMP             00 B5
   b5:     7  RET            

Nr 15: Initialsegment
18 00 02 10 0E 00 00 00 00 00 E8 00 08 00 00 00 
00 00 00 00 00 00 00 00 

Nr 16: Datasegment
10 00 01 08 11 00 CD CD 00 00 00 00 00 00 00 00 

Nr 17: Codesegment
07 00 00 06 12 00 07 

    IntelFormat
      Die Parameterwerte der Funktionen
      werden im Motorola-Format angezeigt.
    ByteSize = 1.

    6:     7  RET            

Nr 18: Initialsegment
18 00 02 10 11 00 08 00 00 00 00 00 00 00 00 00 
00 00 00 00 00 00 00 00 


Program Nr: 3:
Nr 13: Datasegment
80 00 01 08 0E 00 00 00 10 00 3D 80 13 00 3E 80 
0A 00 08 00 0A 00 0C 00 0A 00 50 00 0A 00 51 00 
0A 00 52 00 0A 00 53 00 0A 00 54 00 0A 00 55 00 
0A 00 56 00 0A 00 57 00 0A 00 58 00 0A 00 59 00 
0A 00 5A 00 0A 00 5B 00 0A 00 5C 00 0A 00 5D 00 
0A 00 5E 00 0A 00 5F 00 0A 00 60 00 0A 00 61 00 
0A 00 62 00 01 00 08 00 00 00 00 00 00 00 00 00 
00 00 00 00 00 00 00 00 00 00 00 00 00 00 00 00 

Nr 14: Codesegment
2F 01 00 06 0F 00 16 10 00 7D 01 00 E1 03 2E 01 
0A 68 00 7B DF 03 5C 00 20 01 3A 08 00 16 00 20 
00 3A 08 00 15 00 20 08 3A 08 00 14 00 22 80 25 
00 00 3C 08 00 10 00 20 02 3A 08 00 0E 00 1E 39 
08 00 0D 00 1E 39 08 00 0C 00 04 08 00 10 08 00 
08 00 35 69 00 1E 34 68 00 01 25 01 FD 02 14 00 
00 16 3F 00 FC 6C 6C 00 1E 34 6A 00 20 00 35 78 
00 22 01 00 04 00 37 74 00 21 02 00 36 7A 00 FC 
5A 6C 00 FC 6D 0C 00 18 00 0C 7A 00 3B 0C 00 14 
00 0D 74 00 3C 0C 00 10 00 0B 78 00 3A 0C 00 0F 
00 20 01 3A 0C 00 0E 00 20 02 3A 0C 00 0D 00 0A 
6A 00 39 0C 00 0C 00 04 0C 00 10 0C 00 09 00 35 
69 00 0F 0C 00 08 00 34 6B 00 FC 5A 6C 00 FC 6D 
0C 00 18 00 0C 7A 00 3B 0C 00 14 00 0D 74 00 3C 
0C 00 10 00 0B 78 00 3A 0C 00 0F 00 20 01 3A 0C 
00 0E 00 20 02 3A 0C 00 0D 00 1F 39 0C 00 0C 00 
04 0C 00 10 0C 00 09 00 35 69 00 0F 0C 00 08 00 
34 6B 00 0B 69 00 7C 00 C0 03 25 01 0B 69 00 35 
7C 00 01 25 01 21 02 00 40 10 00 01 2E 01 07 

    IntelFormat
      Die Parameterwerte der Funktionen
      werden im Motorola-Format angezeigt.
    ByteSize = 1.

    6:    22  LD_BYREF_2      00 10
    9:   125  LDS_CONST_2     00 01
    c:   225  EQ_2           
    d:     3  JMPCN           01 2E
   10:    10  LD_NEAR_BIT     00 68
   13:   123  LDS_CONST_FALSE
   14:   223  EQ_BIT         
   15:     3  JMPCN           00 5C
   18:    32  LD_CONST_1      01
   1a:    58  ST_FAR_1        00 08  00 16
   1f:    32  LD_CONST_1      00
   21:    58  ST_FAR_1        00 08  00 15
   26:    32  LD_CONST_1      08
   28:    58  ST_FAR_1        00 08  00 14
   2d:    34  LD_CONST_4      00 00  25 80
   32:    60  ST_FAR_4        00 08  00 10
   37:    32  LD_CONST_1      02
   39:    58  ST_FAR_1        00 08  00 0E
   3e:    30  LD_CONST_TRUE  
   3f:    57  ST_FAR_BIT      00 08  00 0D
   44:    30  LD_CONST_TRUE  
   45:    57  ST_FAR_BIT      00 08  00 0C
   4a:     4  CAL             00 08
   4d:    16  LD_FAR_1        00 08  00 08
   52:    53  ST_NEAR_1       00 69
   55:    30  LD_CONST_TRUE  
   56:    52  ST_NEAR_BIT     00 68
   59:     1  JMP             01 25
   5c:     2  LDA_BYREF       00 3F  16 00  00 14
   64:   108  ST_NEAR_8       00 6C
   68:    30  LD_CONST_TRUE  
   69:    52  ST_NEAR_BIT     00 6A
   6c:    32  LD_CONST_1      00
   6e:    53  ST_NEAR_1       00 78
   71:    34  LD_CONST_4      00 04  00 01
   76:    55  ST_NEAR_4       00 74
   79:    33  LD_CONST_2      00 02
   7c:    54  ST_NEAR_2       00 7A
   7f:    90  LD_NEAR_8       00 6C
   83:   109  ST_FAR_8        00 0C  00 18
   89:    12  LD_NEAR_2       00 7A
   8c:    59  ST_FAR_2        00 0C  00 14
   91:    13  LD_NEAR_4       00 74
   94:    60  ST_FAR_4        00 0C  00 10
   99:    11  LD_NEAR_1       00 78
   9c:    58  ST_FAR_1        00 0C  00 0F
   a1:    32  LD_CONST_1      01
   a3:    58  ST_FAR_1        00 0C  00 0E
   a8:    32  LD_CONST_1      02
   aa:    58  ST_FAR_1        00 0C  00 0D
   af:    10  LD_NEAR_BIT     00 6A
   b2:    57  ST_FAR_BIT      00 0C  00 0C
   b7:     4  CAL             00 0C
   ba:    16  LD_FAR_1        00 0C  00 09
   bf:    53  ST_NEAR_1       00 69
   c2:    15  LD_FAR_BIT      00 0C  00 08
   c7:    52  ST_NEAR_BIT     00 6B
   ca:    90  LD_NEAR_8       00 6C
   ce:   109  ST_FAR_8        00 0C  00 18
   d4:    12  LD_NEAR_2       00 7A
   d7:    59  ST_FAR_2        00 0C  00 14
   dc:    13  LD_NEAR_4       00 74
   df:    60  ST_FAR_4        00 0C  00 10
   e4:    11  LD_NEAR_1       00 78
   e7:    58  ST_FAR_1        00 0C  00 0F
   ec:    32  LD_CONST_1      01
   ee:    58  ST_FAR_1        00 0C  00 0E
   f3:    32  LD_CONST_1      02
   f5:    58  ST_FAR_1        00 0C  00 0D
   fa:    31  LD_CONST_FALSE 
   fb:    57  ST_FAR_BIT      00 0C  00 0C
  100:     4  CAL             00 0C
  103:    16  LD_FAR_1        00 0C  00 09
  108:    53  ST_NEAR_1       00 69
  10b:    15  LD_FAR_BIT      00 0C  00 08
  110:    52  ST_NEAR_BIT     00 6B
  113:    11  LD_NEAR_1       00 69
  116:   124  LDS_CONST_1     00
  118:   192  GT_1           
  119:     3  JMPCN           01 25
  11c:    11  LD_NEAR_1       00 69
  11f:    53  ST_NEAR_1       00 7C
  122:     1  JMP             01 25
  125:    33  LD_CONST_2      00 02
  128:    64  ST_BYREF_2      00 10
  12b:     1  JMP             01 2E
  12e:     7  RET            

Nr 15: Initialsegment
28 00 02 10 0E 00 00 00 00 00 60 00 18 00 00 00 
00 00 00 00 00 00 00 00 00 00 00 00 00 00 00 00 
00 00 00 00 00 00 00 00 

Nr 16: Datasegment
18 00 01 08 11 00 CD CD 00 00 00 00 00 00 00 00 
00 00 00 00 00 00 00 00 

Nr 17: Codesegment
07 00 00 06 12 00 07 

    IntelFormat
      Die Parameterwerte der Funktionen
      werden im Motorola-Format angezeigt.
    ByteSize = 1.

    6:     7  RET            

Nr 18: Initialsegment
20 00 02 10 11 00 10 00 00 00 00 00 00 00 00 00 
00 00 00 00 00 00 00 00 00 00 00 00 00 00 00 00 

Nr 19: Datasegment
20 00 01 08 14 00 CD CD 00 00 00 00 00 00 00 00 
00 00 00 00 00 00 00 00 00 00 00 00 00 00 00 00 

Nr 20: Codesegment
07 00 00 06 15 00 07 

    IntelFormat
      Die Parameterwerte der Funktionen
      werden im Motorola-Format angezeigt.
    ByteSize = 1.

    6:     7  RET            

Nr 21: Initialsegment
28 00 02 10 14 00 18 00 00 00 00 00 00 00 00 00 
00 00 00 00 00 00 00 00 00 00 00 00 00 00 00 00 
00 00 00 00 00 00 00 00 

